,Unnamed: 0.1,Unnamed: 0,match_id,shotX,shotY,quarter,time_remaining,player,team,made,shot_type,distance,score,opp,status
0,0,0,200110300CLE,22.4,6.7,1st quarter,11:03.0,Antoine Walker,BOS,False,2-pointer,2,2-2,'BOS',tied
1,1,1,200110300CLE,23.0,6.1,1st quarter,10:59.0,Tony Battie,BOS,False,2-pointer,1,2-2,'BOS',tied
2,2,2,200110300CLE,10.8,10.1,1st quarter,10:31.0,Paul Pierce,BOS,True,2-pointer,14,4-4,'BOS',tied
3,3,3,200110300CLE,23.0,4.6,1st quarter,9:50.0,Tony Battie,BOS,True,2-pointer,1,6-4,'BOS',leads
4,4,4,200110300CLE,31.0,6.7,1st quarter,9:04.0,Paul Pierce,BOS,False,2-pointer,7,6-4,'BOS',leads
5,5,5,200110300CLE,34.6,7.8,1st quarter,8:57.0,Antoine Walker,BOS,False,2-pointer,11,6-4,'BOS',leads
6,6,6,200110300CLE,22.4,6.1,1st quarter,8:37.0,Antoine Walker,BOS,False,2-pointer,2,6-4,'BOS',leads
7,7,7,200110300CLE,47.5,5.0,1st quarter,8:30.0,Paul Pierce,BOS,False,3-pointer,24,6-4,'BOS',leads
8,8,8,200110300CLE,46.8,4.6,1st quarter,8:05.0,Antoine Walker,BOS,False,3-pointer,23,6-4,'BOS',leads
9,9,9,200110300CLE,23.9,4.6,1st quarter,7:48.0,Kenny Anderson,BOS,True,2-pointer,0,8-4,'BOS',leads
10,10,10,200110300CLE,23.0,6.1,1st quarter,6:48.0,Eric Williams,BOS,False,2-pointer,1,9-8,'BOS',leads
11,11,11,200110300CLE,23.0,5.0,1st quarter,6:43.0,Eric Williams,BOS,True,2-pointer,1,11-8,'BOS',leads
12,12,12,200110300CLE,23.0,6.1,1st quarter,6:02.0,Antoine Walker,BOS,False,2-pointer,1,11-10,'BOS',leads
13,13,13,200110300CLE,11.6,12.6,1st quarter,5:30.0,Paul Pierce,BOS,True,2-pointer,15,13-13,'BOS',tied
14,14,14,200110300CLE,9.3,17.0,1st quarter,4:55.0,Paul Pierce,BOS,True,2-pointer,19,15-15,'BOS',tied
15,15,15,200110300CLE,12.3,15.4,1st quarter,4:29.0,Paul Pierce,BOS,True,2-pointer,16,17-15,'BOS',leads
16,16,16,200110300CLE,37.4,7.1,1st quarter,3:42.0,Paul Pierce,BOS,True,2-pointer,14,19-17,'BOS',leads
17,17,17,200110300CLE,16.7,17.7,1st quarter,3:20.0,Joe Johnson,BOS,True,2-pointer,15,21-17,'BOS',leads
18,18,18,200110300CLE,25.1,8.4,1st quarter,2:43.0,Milt Palacio,BOS,False,2-pointer,4,21-17,'BOS',leads
19,19,19,200110300CLE,23.9,5.4,1st quarter,2:38.0,Vitaly Potapenko,BOS,True,2-pointer,0,23-17,'BOS',leads
20,20,20,200110300CLE,26.4,7.1,1st quarter,2:04.0,Antoine Walker,BOS,True,2-pointer,3,25-17,'BOS',leads
21,21,21,200110300CLE,31.0,4.6,1st quarter,1:25.0,Joe Johnson,BOS,True,2-pointer,7,27-19,'BOS',leads
22,22,22,200110300CLE,13.1,28.0,1st quarter,0:20.6,Antoine Walker,BOS,True,3-pointer,25,33-19,'BOS',leads
23,23,23,200110300CLE,13.1,17.0,2nd quarter,11:45.0,Paul Pierce,BOS,True,2-pointer,16,35-19,'BOS',leads
24,24,24,200110300CLE,25.1,6.1,2nd quarter,11:19.0,Antoine Walker,BOS,False,2-pointer,2,35-19,'BOS',leads
25,25,25,200110300CLE,23.9,4.6,2nd quarter,11:17.0,Paul Pierce,BOS,True,2-pointer,0,37-19,'BOS',leads
26,26,26,200110300CLE,23.0,5.4,2nd quarter,9:17.0,Paul Pierce,BOS,True,2-pointer,1,44-23,'BOS',leads
27,27,27,200110300CLE,22.8,7.1,2nd quarter,8:37.0,Antoine Walker,BOS,False,2-pointer,2,44-23,'BOS',leads
28,28,28,200110300CLE,11.0,23.1,2nd quarter,8:03.0,Paul Pierce,BOS,False,2-pointer,22,44-23,'BOS',leads
29,29,29,200110300CLE,27.7,5.9,2nd quarter,7:08.0,Paul Pierce,BOS,False,2-pointer,4,46-25,'BOS',leads
30,30,30,200110300CLE,8.3,3.7,2nd quarter,6:57.0,Eric Williams,BOS,False,2-pointer,16,46-25,'BOS',leads
31,31,31,200110300CLE,46.6,3.7,2nd quarter,6:02.0,Kenny Anderson,BOS,False,3-pointer,23,48-27,'BOS',leads
32,32,32,200110300CLE,9.5,6.5,2nd quarter,5:04.0,Paul Pierce,BOS,False,2-pointer,15,49-32,'BOS',leads
33,33,33,200110300CLE,47.5,3.7,2nd quarter,4:45.0,Antoine Walker,BOS,False,3-pointer,24,49-32,'BOS',leads
34,34,34,200110300CLE,0.2,8.8,2nd quarter,4:08.0,Antoine Walker,BOS,True,3-pointer,24,54-32,'BOS',leads
35,35,35,200110300CLE,42.2,23.1,2nd quarter,3:34.0,Joe Johnson,BOS,False,3-pointer,26,54-34,'BOS',leads
36,36,36,200110300CLE,23.6,7.1,2nd quarter,2:51.0,Antoine Walker,BOS,False,2-pointer,2,54-37,'BOS',leads
37,37,37,200110300CLE,24.1,7.1,2nd quarter,2:09.0,Eric Williams,BOS,True,2-pointer,2,58-39,'BOS',leads
38,38,38,200110300CLE,23.6,7.1,2nd quarter,1:39.0,Eric Williams,BOS,False,2-pointer,2,58-41,'BOS',leads
39,39,39,200110300CLE,21.3,7.6,2nd quarter,1:17.0,Antoine Walker,BOS,False,2-pointer,4,58-41,'BOS',leads
40,40,40,200110300CLE,24.1,7.1,2nd quarter,1:09.0,Vitaly Potapenko,BOS,False,2-pointer,2,58-41,'BOS',leads
41,41,41,200110300CLE,24.1,5.0,2nd quarter,1:06.0,Antoine Walker,BOS,True,2-pointer,0,60-41,'BOS',leads
42,42,42,200110300CLE,13.3,29.1,2nd quarter,0:44.2,Antoine Walker,BOS,False,3-pointer,26,60-42,'BOS',leads
43,43,43,200110300CLE,29.8,30.1,2nd quarter,0:00.0,Antoine Walker,BOS,True,3-pointer,26,65-45,'BOS',leads
44,44,44,200110300CLE,27.0,6.5,3rd quarter,11:39.0,Antoine Walker,BOS,False,2-pointer,3,65-45,'BOS',leads
45,45,45,200110300CLE,26.2,7.6,3rd quarter,11:08.0,Eric Williams,BOS,False,2-pointer,3,65-45,'BOS',leads
46,46,46,200110300CLE,24.1,6.5,3rd quarter,11:01.0,Eric Williams,BOS,False,2-pointer,2,65-45,'BOS',leads
47,47,47,200110300CLE,24.1,5.0,3rd quarter,10:33.0,Paul Pierce,BOS,True,2-pointer,0,67-45,'BOS',leads
48,48,48,200110300CLE,12.5,16.2,3rd quarter,9:47.0,Kenny Anderson,BOS,True,2-pointer,16,69-47,'BOS',leads
49,49,49,200110300CLE,24.1,6.5,3rd quarter,9:22.0,Tony Battie,BOS,True,2-pointer,2,71-47,'BOS',leads
50,50,50,200110300CLE,24.1,5.9,3rd quarter,8:54.0,Paul Pierce,BOS,True,2-pointer,1,73-47,'BOS',leads
51,51,51,200110300CLE,10.4,7.1,3rd quarter,8:24.0,Paul Pierce,BOS,False,2-pointer,14,73-47,'BOS',leads
52,52,52,200110300CLE,11.8,8.2,3rd quarter,7:04.0,Antoine Walker,BOS,False,2-pointer,13,75-51,'BOS',leads
53,53,53,200110300CLE,46.6,5.0,3rd quarter,6:58.0,Paul Pierce,BOS,True,3-pointer,23,78-51,'BOS',leads
54,54,54,200110300CLE,22.2,5.9,3rd quarter,6:25.0,Kenny Anderson,BOS,False,2-pointer,2,78-51,'BOS',leads
55,55,55,200110300CLE,23.6,10.5,3rd quarter,6:10.0,Paul Pierce,BOS,False,2-pointer,6,78-51,'BOS',leads
56,56,56,200110300CLE,22.2,6.5,3rd quarter,5:44.0,Mark Blount,BOS,True,2-pointer,2,80-53,'BOS',leads
57,57,57,200110300CLE,11.8,28.4,3rd quarter,5:11.0,Antoine Walker,BOS,True,3-pointer,26,83-53,'BOS',leads
58,58,58,200110300CLE,8.3,7.1,3rd quarter,4:38.0,Joe Johnson,BOS,True,2-pointer,16,85-53,'BOS',leads
59,59,59,200110300CLE,0.2,4.4,3rd quarter,3:46.0,Joe Johnson,BOS,False,3-pointer,24,85-53,'BOS',leads
60,60,60,200110300CLE,13.9,5.0,3rd quarter,2:33.0,Joe Johnson,BOS,True,2-pointer,10,87-55,'BOS',leads
61,61,61,200110300CLE,24.1,7.6,3rd quarter,2:12.0,Joe Johnson,BOS,False,2-pointer,3,87-55,'BOS',leads
62,62,62,200110300CLE,10.4,7.6,3rd quarter,1:37.0,Paul Pierce,BOS,False,2-pointer,14,87-57,'BOS',leads
63,63,63,200110300CLE,4.5,22.1,3rd quarter,1:08.0,Paul Pierce,BOS,True,3-pointer,26,90-57,'BOS',leads
64,64,64,200110300CLE,13.3,28.4,3rd quarter,0:00.0,Milt Palacio,BOS,False,3-pointer,26,92-59,'BOS',leads
65,65,65,200110300CLE,25.6,11.6,4th quarter,11:21.0,Milt Palacio,BOS,False,2-pointer,7,92-61,'BOS',leads
66,66,66,200110300CLE,47.5,3.1,4th quarter,10:31.0,Milt Palacio,BOS,True,3-pointer,24,95-65,'BOS',leads
67,67,67,200110300CLE,47.5,3.7,4th quarter,9:24.0,Milt Palacio,BOS,True,3-pointer,24,98-67,'BOS',leads
68,68,68,200110300CLE,19.8,30.1,4th quarter,8:41.0,Joseph Forte,BOS,False,3-pointer,25,98-69,'BOS',leads
69,69,69,200110300CLE,13.9,7.1,4th quarter,6:30.0,Walter McCarty,BOS,True,2-pointer,10,100-73,'BOS',leads
70,70,70,200110300CLE,23.6,6.5,4th quarter,6:00.0,Vitaly Potapenko,BOS,False,2-pointer,2,100-73,'BOS',leads
71,71,71,200110300CLE,35.7,15.8,4th quarter,5:32.0,Joe Johnson,BOS,False,2-pointer,16,100-73,'BOS',leads
72,72,72,200110300CLE,5.9,4.4,4th quarter,5:05.0,Walter McCarty,BOS,True,2-pointer,18,102-73,'BOS',leads
73,73,73,200110300CLE,22.2,19.1,4th quarter,4:37.0,Joe Johnson,BOS,False,2-pointer,14,102-75,'BOS',leads
74,74,74,200110300CLE,11.8,9.9,4th quarter,3:36.0,Walter McCarty,BOS,False,2-pointer,13,102-77,'BOS',leads
75,75,75,200110300CLE,37.2,17.9,4th quarter,2:28.0,Joseph Forte,BOS,False,2-pointer,18,104-79,'BOS',leads
76,76,76,200110300CLE,10.4,6.5,4th quarter,2:09.0,Kedrick Brown,BOS,False,2-pointer,14,104-79,'BOS',leads
77,77,77,200110300CLE,23.6,7.6,4th quarter,1:43.0,Vitaly Potapenko,BOS,True,2-pointer,3,106-81,'BOS',leads
78,78,78,200110300CLE,17.5,8.8,4th quarter,0:39.4,Walter McCarty,BOS,False,2-pointer,8,106-83,'BOS',leads
79,79,79,200110300CLE,23.6,6.5,4th quarter,0:19.1,Joe Johnson,BOS,True,2-pointer,2,108-85,'BOS',leads
80,80,80,200110300CLE,5.7,4.6,1st quarter,11:33.0,Andre Miller,CLE,False,2-pointer,18,0-0,'BOS',tied
81,81,81,200110300CLE,27.9,9.7,1st quarter,11:16.0,Chris Mihm,CLE,True,2-pointer,6,2-2,'BOS',tied
82,82,82,200110300CLE,17.3,8.4,1st quarter,10:42.0,Chris Mihm,CLE,True,2-pointer,8,4-2,'BOS',leads
83,83,83,200110300CLE,18.8,20.0,1st quarter,10:19.0,Lamond Murray,CLE,False,2-pointer,16,4-4,'BOS',tied
84,84,84,200110300CLE,0.0,3.9,1st quarter,9:37.0,Lamond Murray,CLE,False,3-pointer,24,4-6,'BOS',trails
85,85,85,200110300CLE,26.4,10.1,1st quarter,9:21.0,Andre Miller,CLE,False,2-pointer,6,4-6,'BOS',trails
86,86,86,200110300CLE,-0.8,2.3,1st quarter,9:12.0,Wesley Person,CLE,False,3-pointer,25,4-6,'BOS',trails
87,87,87,200110300CLE,36.1,16.0,1st quarter,8:43.0,Chris Mihm,CLE,False,2-pointer,16,4-6,'BOS',trails
88,88,88,200110300CLE,12.3,11.3,1st quarter,8:14.0,Michael Doleac,CLE,False,2-pointer,13,4-6,'BOS',trails
89,89,89,200110300CLE,18.8,24.2,1st quarter,7:33.0,Wesley Person,CLE,True,2-pointer,20,6-8,'BOS',trails
90,90,90,200110300CLE,23.9,5.4,1st quarter,7:04.0,Andre Miller,CLE,True,2-pointer,0,8-9,'BOS',trails
91,91,91,200110300CLE,20.9,7.1,1st quarter,6:31.0,Andre Miller,CLE,False,2-pointer,4,8-11,'BOS',trails
92,92,92,200110300CLE,23.9,12.0,1st quarter,6:19.0,Lamond Murray,CLE,True,2-pointer,7,10-11,'BOS',trails
93,93,93,200110300CLE,46.8,6.1,1st quarter,5:52.0,Wesley Person,CLE,False,3-pointer,23,10-11,'BOS',trails
94,94,94,200110300CLE,47.5,2.9,1st quarter,5:46.0,Wesley Person,CLE,True,3-pointer,24,13-11,'BOS',leads
95,95,95,200110300CLE,10.2,12.0,1st quarter,5:09.0,Brian Skinner,CLE,True,2-pointer,15,15-13,'BOS',leads
96,96,96,200110300CLE,10.2,3.9,1st quarter,4:37.0,Andre Miller,CLE,False,2-pointer,14,15-15,'BOS',tied
97,97,97,200110300CLE,9.3,3.9,1st quarter,4:06.0,Brian Skinner,CLE,True,2-pointer,15,17-17,'BOS',tied
98,98,98,200110300CLE,24.3,17.7,1st quarter,3:27.0,Wesley Person,CLE,False,2-pointer,13,17-19,'BOS',trails
99,99,99,200110300CLE,20.3,17.7,1st quarter,2:14.0,Andre Miller,CLE,False,2-pointer,13,17-23,'BOS',trails
100,100,100,200110300CLE,31.0,5.4,1st quarter,1:49.0,Chris Mihm,CLE,True,2-pointer,7,19-25,'BOS',trails
101,101,101,200110300CLE,23.9,19.4,1st quarter,1:08.0,Jumaine Jones,CLE,False,2-pointer,14,19-27,'BOS',trails
102,102,102,200110300CLE,10.8,18.3,1st quarter,0:03.0,Bimbo Coles,CLE,False,2-pointer,19,19-33,'BOS',trails
103,103,103,200110300CLE,46.8,5.0,2nd quarter,11:27.0,Bryant Stith,CLE,False,3-pointer,23,19-35,'BOS',trails
104,104,104,200110300CLE,15.8,21.3,2nd quarter,10:59.0,Lamond Murray,CLE,True,2-pointer,18,21-37,'BOS',trails
105,105,105,200110300CLE,9.3,5.4,2nd quarter,10:00.0,Lamond Murray,CLE,False,2-pointer,15,21-39,'BOS',trails
106,106,106,200110300CLE,7.8,6.7,2nd quarter,9:55.0,Jumaine Jones,CLE,False,2-pointer,16,21-39,'BOS',trails
107,107,107,200110300CLE,46.0,3.5,2nd quarter,8:50.0,Bimbo Coles,CLE,False,2-pointer,22,23-44,'BOS',trails
108,108,108,200110300CLE,42.2,7.1,2nd quarter,7:33.0,Ricky Davis,CLE,True,2-pointer,18,25-46,'BOS',trails
109,109,109,200110300CLE,-0.6,5.0,2nd quarter,6:41.0,Wesley Person,CLE,False,3-pointer,25,25-46,'BOS',trails
110,110,110,200110300CLE,36.3,20.2,2nd quarter,6:22.0,Ricky Davis,CLE,True,2-pointer,20,27-48,'BOS',trails
111,111,111,200110300CLE,12.5,13.5,2nd quarter,5:45.0,Wesley Person,CLE,True,2-pointer,14,29-48,'BOS',trails
112,112,112,200110300CLE,21.3,30.1,2nd quarter,5:15.0,Trajan Langdon,CLE,True,3-pointer,25,32-49,'BOS',trails
113,113,113,200110300CLE,26.2,7.1,2nd quarter,4:55.0,Wesley Person,CLE,False,2-pointer,3,32-49,'BOS',trails
114,114,114,200110300CLE,32.7,5.9,2nd quarter,4:31.0,Brian Skinner,CLE,False,2-pointer,9,32-49,'BOS',trails
115,115,115,200110300CLE,11.8,7.6,2nd quarter,4:17.0,Wesley Person,CLE,False,2-pointer,12,32-51,'BOS',trails
116,116,116,200110300CLE,30.6,6.5,2nd quarter,3:54.0,Andre Miller,CLE,True,2-pointer,7,34-54,'BOS',trails
117,117,117,200110300CLE,25.6,6.5,2nd quarter,3:11.0,Andre Miller,CLE,True,2-pointer,2,37-54,'BOS',trails
118,118,118,200110300CLE,24.7,5.4,2nd quarter,1:56.0,Brian Skinner,CLE,True,2-pointer,1,41-58,'BOS',trails
119,119,119,200110300CLE,15.4,8.2,2nd quarter,1:25.0,Wesley Person,CLE,False,2-pointer,9,41-58,'BOS',trails
120,120,120,200110300CLE,21.3,31.8,2nd quarter,0:23.1,Trajan Langdon,CLE,True,3-pointer,27,45-62,'BOS',trails
121,121,121,200110300CLE,9.5,11.1,3rd quarter,11:22.0,Chris Mihm,CLE,False,2-pointer,16,45-65,'BOS',trails
122,122,122,200110300CLE,25.6,7.6,3rd quarter,10:44.0,Michael Doleac,CLE,False,2-pointer,3,45-65,'BOS',trails
123,123,123,200110300CLE,29.1,8.8,3rd quarter,10:21.0,Michael Doleac,CLE,False,2-pointer,6,45-67,'BOS',trails
124,124,124,200110300CLE,24.1,7.1,3rd quarter,10:10.0,Lamond Murray,CLE,True,2-pointer,2,47-67,'BOS',trails
125,125,125,200110300CLE,33.6,19.1,3rd quarter,9:29.0,Chris Mihm,CLE,False,2-pointer,17,47-69,'BOS',trails
126,126,126,200110300CLE,14.6,19.8,3rd quarter,9:04.0,Andre Miller,CLE,False,2-pointer,18,47-71,'BOS',trails
127,127,127,200110300CLE,0.2,4.4,3rd quarter,8:17.0,Bryant Stith,CLE,False,3-pointer,24,47-73,'BOS',trails
128,128,128,200110300CLE,34.8,11.1,3rd quarter,7:57.0,Wesley Person,CLE,True,2-pointer,12,49-73,'BOS',trails
129,129,129,200110300CLE,28.5,5.9,3rd quarter,7:20.0,Andre Miller,CLE,True,2-pointer,5,51-75,'BOS',trails
130,130,130,200110300CLE,27.7,10.5,3rd quarter,6:34.0,Andre Miller,CLE,False,2-pointer,7,51-78,'BOS',trails
131,131,131,200110300CLE,37.2,7.1,3rd quarter,6:03.0,Wesley Person,CLE,True,2-pointer,13,53-78,'BOS',trails
132,132,132,200110300CLE,30.6,5.4,3rd quarter,5:19.0,Andre Miller,CLE,False,2-pointer,7,53-80,'BOS',trails
133,133,133,200110300CLE,32.7,8.8,3rd quarter,4:52.0,Wesley Person,CLE,False,2-pointer,9,53-83,'BOS',trails
134,134,134,200110300CLE,8.3,5.4,3rd quarter,4:20.0,Chris Mihm,CLE,False,2-pointer,16,53-85,'BOS',trails
135,135,135,200110300CLE,40.7,3.1,3rd quarter,3:59.0,DeSagana Diop,CLE,False,2-pointer,17,53-85,'BOS',trails
136,136,136,200110300CLE,24.1,5.0,3rd quarter,3:38.0,Trajan Langdon,CLE,False,2-pointer,0,53-85,'BOS',trails
137,137,137,200110300CLE,34.8,16.8,3rd quarter,3:33.0,Trajan Langdon,CLE,True,2-pointer,16,55-85,'BOS',trails
138,138,138,200110300CLE,24.1,8.2,3rd quarter,2:52.0,Jumaine Jones,CLE,False,2-pointer,3,55-85,'BOS',trails
139,139,139,200110300CLE,34.8,27.2,3rd quarter,2:21.0,Trajan Langdon,CLE,False,3-pointer,25,55-87,'BOS',trails
140,140,140,200110300CLE,27.0,8.2,3rd quarter,1:53.0,Bryant Stith,CLE,True,2-pointer,4,57-87,'BOS',trails
141,141,141,200110300CLE,11.8,29.1,3rd quarter,1:18.0,Trajan Langdon,CLE,False,3-pointer,27,57-87,'BOS',trails
142,142,142,200110300CLE,23.6,5.0,3rd quarter,0:16.0,Jumaine Jones,CLE,True,2-pointer,0,59-92,'BOS',trails
143,143,143,200110300CLE,40.1,5.0,4th quarter,11:49.0,Jumaine Jones,CLE,True,2-pointer,16,61-92,'BOS',trails
144,144,144,200110300CLE,5.9,17.9,4th quarter,11:07.0,Trajan Langdon,CLE,True,2-pointer,22,63-92,'BOS',trails
145,145,145,200110300CLE,12.5,20.2,4th quarter,10:44.0,Bryant Stith,CLE,True,2-pointer,19,65-92,'BOS',trails
146,146,146,200110300CLE,15.4,19.8,4th quarter,10:10.0,Jumaine Jones,CLE,True,2-pointer,17,67-95,'BOS',trails
147,147,147,200110300CLE,25.6,6.5,4th quarter,9:35.0,Bryant Stith,CLE,False,2-pointer,2,67-95,'BOS',trails
148,148,148,200110300CLE,32.7,14.1,4th quarter,9:08.0,Bimbo Coles,CLE,True,2-pointer,13,69-98,'BOS',trails
149,149,149,200110300CLE,29.8,5.4,4th quarter,8:21.0,Bimbo Coles,CLE,True,2-pointer,6,71-98,'BOS',trails
150,150,150,200110300CLE,6.8,4.4,4th quarter,7:42.0,Jumaine Jones,CLE,True,2-pointer,17,73-98,'BOS',trails
151,151,151,200110300CLE,41.6,24.4,4th quarter,7:09.0,Bryant Stith,CLE,False,3-pointer,26,73-98,'BOS',trails
152,152,152,200110300CLE,7.4,5.0,4th quarter,6:54.0,Jumaine Jones,CLE,False,2-pointer,17,73-98,'BOS',trails
153,153,153,200110300CLE,13.9,9.9,4th quarter,6:18.0,Trajan Langdon,CLE,False,2-pointer,11,73-100,'BOS',trails
154,154,154,200110300CLE,0.2,5.9,4th quarter,6:10.0,Jumaine Jones,CLE,False,3-pointer,24,73-100,'BOS',trails
155,155,155,200110300CLE,47.5,3.7,4th quarter,5:45.0,Trajan Langdon,CLE,False,3-pointer,24,73-100,'BOS',trails
156,156,156,200110300CLE,38.6,12.2,4th quarter,5:15.0,Trajan Langdon,CLE,False,2-pointer,16,73-100,'BOS',trails
157,157,157,200110300CLE,13.9,19.8,4th quarter,4:50.0,Ricky Davis,CLE,True,2-pointer,18,75-102,'BOS',trails
158,158,158,200110300CLE,22.8,30.1,4th quarter,4:23.0,Trajan Langdon,CLE,False,3-pointer,25,75-102,'BOS',trails
159,159,159,200110300CLE,15.4,20.8,4th quarter,3:27.0,Wesley Person,CLE,False,2-pointer,18,77-102,'BOS',trails
160,160,160,200110300CLE,11.0,9.2,4th quarter,3:23.0,Trajan Langdon,CLE,True,2-pointer,14,79-102,'BOS',trails
161,161,161,200110300CLE,13.9,29.1,4th quarter,2:48.0,Ricky Davis,CLE,False,3-pointer,26,79-104,'BOS',trails
162,162,162,200110300CLE,24.7,9.9,4th quarter,2:00.0,Wesley Person,CLE,True,2-pointer,5,81-104,'BOS',trails
163,163,163,200110300CLE,24.7,25.9,4th quarter,1:32.0,Ricky Davis,CLE,False,2-pointer,21,81-106,'BOS',trails
164,164,164,200110300CLE,40.1,5.9,4th quarter,1:27.0,Wesley Person,CLE,False,2-pointer,16,81-106,'BOS',trails
165,165,165,200110300CLE,40.1,9.9,4th quarter,1:01.0,Ricky Davis,CLE,True,2-pointer,17,83-106,'BOS',trails
166,166,166,200110300CLE,29.8,30.7,4th quarter,0:30.7,Trajan Langdon,CLE,False,3-pointer,26,83-106,'BOS',trails
167,167,167,200110300CLE,9.5,9.2,4th quarter,0:27.4,Jumaine Jones,CLE,True,2-pointer,15,85-106,'BOS',trails
168,168,168,200110300CLE,40.1,13.5,4th quarter,0:09.8,Ricky Davis,CLE,True,2-pointer,18,87-108,'BOS',trails
169,169,169,200110300CLE,24.1,7.1,4th quarter,0:00.6,Jumaine Jones,CLE,True,2-pointer,2,89-108,'BOS',trails
170,170,170,200110300DAL,24.3,17.7,1st quarter,11:20.0,Ben Wallace,DET,False,2-pointer,13,0-0,'DAL',tied
171,171,171,200110300DAL,35.9,5.4,1st quarter,10:28.0,Jerry Stackhouse,DET,True,2-pointer,12,4-2,'DAL',leads
172,172,172,200110300DAL,10.4,7.8,1st quarter,10:10.0,Jerry Stackhouse,DET,False,2-pointer,14,4-2,'DAL',leads
173,173,173,200110300DAL,24.0,5.0,1st quarter,9:36.0,Clifford Robinson,DET,False,2-pointer,0,4-2,'DAL',leads
174,174,174,200110300DAL,24.0,5.0,1st quarter,9:35.0,Clifford Robinson,DET,False,2-pointer,0,4-2,'DAL',leads
175,175,175,200110300DAL,5.3,5.4,1st quarter,8:51.0,Jerry Stackhouse,DET,False,2-pointer,19,4-4,'DAL',tied
176,176,176,200110300DAL,39.3,19.4,1st quarter,8:19.0,Dana Barros,DET,True,2-pointer,21,6-5,'DAL',leads
177,177,177,200110300DAL,24.0,5.0,1st quarter,7:50.0,Michael Curry,DET,True,2-pointer,0,8-5,'DAL',leads
178,178,178,200110300DAL,10.4,21.0,1st quarter,6:43.0,Jerry Stackhouse,DET,True,2-pointer,21,10-5,'DAL',leads
179,179,179,200110300DAL,27.2,20.4,1st quarter,6:13.0,Jerry Stackhouse,DET,False,2-pointer,16,10-5,'DAL',leads
180,180,180,200110300DAL,32.3,25.9,1st quarter,5:43.0,Dana Barros,DET,False,2-pointer,22,10-7,'DAL',leads
181,181,181,200110300DAL,1.7,4.6,1st quarter,5:06.0,Clifford Robinson,DET,False,3-pointer,22,10-9,'DAL',leads
182,182,182,200110300DAL,47.3,6.1,1st quarter,4:30.0,Michael Curry,DET,True,3-pointer,23,13-11,'DAL',leads
183,183,183,200110300DAL,43.7,8.4,1st quarter,3:28.0,Jerry Stackhouse,DET,True,2-pointer,20,17-13,'DAL',leads
184,184,184,200110300DAL,31.7,19.4,1st quarter,2:52.0,Jerry Stackhouse,DET,True,2-pointer,16,19-15,'DAL',leads
185,185,185,200110300DAL,11.6,25.5,1st quarter,2:11.0,Clifford Robinson,DET,False,3-pointer,24,19-15,'DAL',leads
186,186,186,200110300DAL,24.0,5.0,1st quarter,1:26.0,Mikki Moore,DET,False,2-pointer,0,19-15,'DAL',leads
187,187,187,200110300DAL,1.1,5.4,1st quarter,1:21.0,Jerry Stackhouse,DET,True,3-pointer,23,22-15,'DAL',leads
188,188,188,200110300DAL,1.7,5.4,1st quarter,0:22.4,Dana Barros,DET,True,3-pointer,22,25-17,'DAL',leads
189,189,189,200110300DAL,47.3,6.1,2nd quarter,11:37.0,Chucky Atkins,DET,False,3-pointer,23,25-17,'DAL',leads
190,190,190,200110300DAL,24.3,27.2,2nd quarter,10:56.0,Mikki Moore,DET,True,2-pointer,22,27-19,'DAL',leads
191,191,191,200110300DAL,1.7,6.5,2nd quarter,10:27.0,Jon Barry,DET,False,3-pointer,22,27-21,'DAL',leads
192,192,192,200110300DAL,24.0,5.0,2nd quarter,10:23.0,Mikki Moore,DET,True,2-pointer,0,29-21,'DAL',leads
193,193,193,200110300DAL,1.1,5.4,2nd quarter,9:31.0,Jon Barry,DET,False,3-pointer,23,29-23,'DAL',leads
194,194,194,200110300DAL,1.1,11.6,2nd quarter,9:07.0,Jerry Stackhouse,DET,False,3-pointer,24,29-23,'DAL',leads
195,195,195,200110300DAL,44.5,6.5,2nd quarter,7:28.0,Chucky Atkins,DET,False,2-pointer,21,29-29,'DAL',tied
196,196,196,200110300DAL,24.3,17.2,2nd quarter,6:47.0,Željko Rebrača,DET,True,2-pointer,12,33-29,'DAL',leads
197,197,197,200110300DAL,24.0,5.0,2nd quarter,6:19.0,Željko Rebrača,DET,False,2-pointer,0,33-31,'DAL',leads
198,198,198,200110300DAL,37.2,20.4,2nd quarter,5:42.0,Chucky Atkins,DET,False,2-pointer,20,33-31,'DAL',leads
199,199,199,200110300DAL,8.3,19.4,2nd quarter,4:47.0,Jon Barry,DET,False,2-pointer,21,33-33,'DAL',tied
200,200,200,200110300DAL,24.0,5.0,2nd quarter,4:32.0,Željko Rebrača,DET,True,2-pointer,0,35-33,'DAL',leads
201,201,201,200110300DAL,24.3,29.3,2nd quarter,3:49.0,Jon Barry,DET,True,3-pointer,24,38-35,'DAL',leads
202,202,202,200110300DAL,41.6,18.3,2nd quarter,3:15.0,Chucky Atkins,DET,True,2-pointer,22,40-35,'DAL',leads
203,203,203,200110300DAL,35.0,6.1,2nd quarter,1:59.0,Chucky Atkins,DET,True,2-pointer,11,44-38,'DAL',leads
204,204,204,200110300DAL,39.3,6.1,2nd quarter,1:39.0,Željko Rebrača,DET,False,2-pointer,15,44-38,'DAL',leads
205,205,205,200110300DAL,11.6,7.8,2nd quarter,1:10.0,Jerry Stackhouse,DET,False,2-pointer,13,44-38,'DAL',leads
206,206,206,200110300DAL,23.9,17.7,2nd quarter,0:15.5,Jerry Stackhouse,DET,False,2-pointer,13,44-40,'DAL',leads
207,207,207,200110300DAL,24.0,5.0,3rd quarter,11:23.0,Ben Wallace,DET,False,2-pointer,0,44-40,'DAL',leads
208,208,208,200110300DAL,39.3,19.4,3rd quarter,10:47.0,Michael Curry,DET,False,2-pointer,21,44-43,'DAL',leads
209,209,209,200110300DAL,24.0,5.0,3rd quarter,10:05.0,Ben Wallace,DET,True,2-pointer,0,46-43,'DAL',leads
210,210,210,200110300DAL,24.0,5.0,3rd quarter,9:43.0,Ben Wallace,DET,True,2-pointer,0,48-45,'DAL',leads
211,211,211,200110300DAL,24.0,5.0,3rd quarter,9:19.0,Dana Barros,DET,True,2-pointer,0,50-45,'DAL',leads
212,212,212,200110300DAL,47.3,4.6,3rd quarter,8:23.0,Jerry Stackhouse,DET,False,3-pointer,23,52-47,'DAL',leads
213,213,213,200110300DAL,44.5,5.4,3rd quarter,6:50.0,Michael Curry,DET,False,2-pointer,21,54-49,'DAL',leads
214,214,214,200110300DAL,13.1,17.7,3rd quarter,6:13.0,Michael Curry,DET,True,2-pointer,17,56-52,'DAL',leads
215,215,215,200110300DAL,10.4,24.8,3rd quarter,5:28.0,Jerry Stackhouse,DET,False,3-pointer,24,56-54,'DAL',leads
216,216,216,200110300DAL,24.0,5.0,3rd quarter,5:20.0,Ben Wallace,DET,False,2-pointer,0,56-54,'DAL',leads
217,217,217,200110300DAL,16.1,17.2,3rd quarter,4:46.0,Clifford Robinson,DET,False,2-pointer,15,56-57,'DAL',trails
218,218,218,200110300DAL,11.6,6.1,3rd quarter,3:43.0,Željko Rebrača,DET,False,2-pointer,12,57-61,'DAL',trails
219,219,219,200110300DAL,24.0,5.0,3rd quarter,3:03.0,Clifford Robinson,DET,False,2-pointer,0,57-64,'DAL',trails
220,220,220,200110300DAL,13.9,23.4,3rd quarter,2:38.0,Clifford Robinson,DET,False,2-pointer,21,57-64,'DAL',trails
221,221,221,200110300DAL,10.4,25.5,3rd quarter,2:33.0,Clifford Robinson,DET,True,3-pointer,25,60-64,'DAL',trails
222,222,222,200110300DAL,24.0,5.0,3rd quarter,1:19.0,Jerry Stackhouse,DET,False,2-pointer,0,62-64,'DAL',trails
223,223,223,200110300DAL,24.0,5.0,3rd quarter,1:13.0,Jerry Stackhouse,DET,False,2-pointer,0,62-64,'DAL',trails
224,224,224,200110300DAL,24.0,5.0,3rd quarter,1:11.0,Jerry Stackhouse,DET,True,2-pointer,0,64-64,'DAL',tied
225,225,225,200110300DAL,24.0,5.0,4th quarter,11:01.0,Mikki Moore,DET,True,2-pointer,0,66-69,'DAL',trails
226,226,226,200110300DAL,30.2,29.3,4th quarter,10:28.0,Chucky Atkins,DET,False,3-pointer,25,66-69,'DAL',trails
227,227,227,200110300DAL,24.0,5.0,4th quarter,9:17.0,Chucky Atkins,DET,False,2-pointer,0,66-73,'DAL',trails
228,228,228,200110300DAL,7.4,22.7,4th quarter,8:22.0,Jon Barry,DET,True,3-pointer,24,69-78,'DAL',trails
229,229,229,200110300DAL,37.2,25.5,4th quarter,7:44.0,Chucky Atkins,DET,False,3-pointer,24,69-78,'DAL',trails
230,230,230,200110300DAL,24.0,5.0,4th quarter,7:35.0,Jon Barry,DET,False,2-pointer,0,69-78,'DAL',trails
231,231,231,200110300DAL,24.0,5.0,4th quarter,7:34.0,Mikki Moore,DET,False,2-pointer,0,69-78,'DAL',trails
232,232,232,200110300DAL,24.3,13.2,4th quarter,7:26.0,Željko Rebrača,DET,True,2-pointer,8,71-78,'DAL',trails
233,233,233,200110300DAL,1.1,8.4,4th quarter,6:51.0,Jon Barry,DET,False,3-pointer,23,71-81,'DAL',trails
234,234,234,200110300DAL,24.0,5.0,4th quarter,6:22.0,Jon Barry,DET,False,2-pointer,0,71-84,'DAL',trails
235,235,235,200110300DAL,24.0,5.0,4th quarter,6:14.0,Chucky Atkins,DET,True,2-pointer,0,73-84,'DAL',trails
236,236,236,200110300DAL,24.3,17.2,4th quarter,5:37.0,Chucky Atkins,DET,False,2-pointer,12,73-84,'DAL',trails
237,237,237,200110300DAL,24.0,5.0,4th quarter,5:36.0,Ben Wallace,DET,False,2-pointer,0,73-84,'DAL',trails
238,238,238,200110300DAL,24.0,5.0,4th quarter,5:21.0,Chucky Atkins,DET,False,2-pointer,0,73-84,'DAL',trails
239,239,239,200110300DAL,24.0,5.0,4th quarter,5:20.0,Jerry Stackhouse,DET,False,2-pointer,0,73-84,'DAL',trails
240,240,240,200110300DAL,7.4,6.1,4th quarter,4:50.0,Michael Curry,DET,True,2-pointer,17,75-86,'DAL',trails
241,241,241,200110300DAL,24.0,5.0,4th quarter,4:17.0,Ben Wallace,DET,False,2-pointer,0,75-88,'DAL',trails
242,242,242,200110300DAL,6.8,10.5,4th quarter,4:13.0,Michael Curry,DET,False,2-pointer,18,75-88,'DAL',trails
243,243,243,200110300DAL,33.8,6.5,4th quarter,2:46.0,Jerry Stackhouse,DET,False,2-pointer,10,77-88,'DAL',trails
244,244,244,200110300DAL,24.0,5.0,4th quarter,2:00.0,Ben Wallace,DET,True,2-pointer,0,81-90,'DAL',trails
245,245,245,200110300DAL,24.3,17.7,4th quarter,1:17.0,Jerry Stackhouse,DET,True,2-pointer,13,83-90,'DAL',trails
246,246,246,200110300DAL,24.0,5.0,4th quarter,0:16.0,Clifford Robinson,DET,True,2-pointer,0,87-92,'DAL',trails
247,247,247,200110300DAL,39.3,13.2,4th quarter,0:00.4,Mikki Moore,DET,False,2-pointer,17,87-94,'DAL',trails
248,248,248,200110300DAL,36.5,22.7,1st quarter,11:46.0,Steve Nash,DAL,False,2-pointer,22,0-0,'DAL',tied
249,249,249,200110300DAL,34.4,23.4,1st quarter,11:09.0,Steve Nash,DAL,True,2-pointer,21,2-0,'DAL',leads
250,250,250,200110300DAL,6.8,6.5,1st quarter,10:42.0,Michael Finley,DAL,False,2-pointer,17,2-2,'DAL',tied
251,251,251,200110300DAL,8.9,12.8,1st quarter,10:19.0,Dirk Nowitzki,DAL,False,2-pointer,17,2-4,'DAL',trails
252,252,252,200110300DAL,18.2,11.1,1st quarter,8:04.0,Steve Nash,DAL,False,2-pointer,8,5-6,'DAL',trails
253,253,253,200110300DAL,40.1,5.4,1st quarter,7:57.0,Greg Buckner,DAL,False,2-pointer,16,5-6,'DAL',trails
254,254,254,200110300DAL,43.7,5.4,1st quarter,7:35.0,Greg Buckner,DAL,False,2-pointer,20,5-8,'DAL',trails
255,255,255,200110300DAL,24.0,5.0,1st quarter,7:00.0,Steve Nash,DAL,False,2-pointer,0,5-8,'DAL',trails
256,256,256,200110300DAL,24.0,5.0,1st quarter,6:58.0,Juwan Howard,DAL,False,2-pointer,0,5-8,'DAL',trails
257,257,257,200110300DAL,1.7,6.1,1st quarter,6:53.0,Steve Nash,DAL,False,3-pointer,22,5-8,'DAL',trails
258,258,258,200110300DAL,32.9,27.8,1st quarter,6:19.0,Dirk Nowitzki,DAL,False,3-pointer,24,5-10,'DAL',trails
259,259,259,200110300DAL,24.0,5.0,1st quarter,6:00.0,Greg Buckner,DAL,True,2-pointer,0,7-10,'DAL',trails
260,260,260,200110300DAL,15.4,10.5,1st quarter,5:29.0,Juwan Howard,DAL,True,2-pointer,10,9-10,'DAL',trails
261,261,261,200110300DAL,24.0,5.0,1st quarter,4:54.0,Dirk Nowitzki,DAL,False,2-pointer,0,9-10,'DAL',trails
262,262,262,200110300DAL,24.0,5.0,1st quarter,4:52.0,Juwan Howard,DAL,True,2-pointer,0,11-10,'DAL',leads
263,263,263,200110300DAL,31.7,22.1,1st quarter,4:12.0,Steve Nash,DAL,True,2-pointer,19,13-13,'DAL',tied
264,264,264,200110300DAL,24.0,5.0,1st quarter,3:13.0,Danny Manning,DAL,True,2-pointer,0,15-17,'DAL',trails
265,265,265,200110300DAL,33.8,28.2,1st quarter,2:31.0,Dirk Nowitzki,DAL,False,3-pointer,25,15-19,'DAL',trails
266,266,266,200110300DAL,22.4,29.9,1st quarter,2:24.0,Tim Hardaway,DAL,False,3-pointer,25,15-19,'DAL',trails
267,267,267,200110300DAL,24.0,5.0,1st quarter,2:20.0,Greg Buckner,DAL,False,2-pointer,0,15-19,'DAL',trails
268,268,268,200110300DAL,26.4,26.5,1st quarter,1:56.0,Michael Finley,DAL,False,2-pointer,22,15-19,'DAL',trails
269,269,269,200110300DAL,42.2,5.4,1st quarter,1:05.0,Michael Finley,DAL,True,2-pointer,18,17-22,'DAL',trails
270,270,270,200110300DAL,13.1,23.4,2nd quarter,11:10.0,Michael Finley,DAL,True,2-pointer,21,19-25,'DAL',trails
271,271,271,200110300DAL,32.3,5.4,2nd quarter,10:45.0,Shawn Bradley,DAL,True,2-pointer,8,21-27,'DAL',trails
272,272,272,200110300DAL,23.2,16.6,2nd quarter,9:44.0,Michael Finley,DAL,True,2-pointer,12,23-29,'DAL',trails
273,273,273,200110300DAL,24.3,13.9,2nd quarter,9:18.0,Michael Finley,DAL,False,2-pointer,9,23-29,'DAL',trails
274,274,274,200110300DAL,27.2,13.9,2nd quarter,9:15.0,Juwan Howard,DAL,False,2-pointer,9,23-29,'DAL',trails
275,275,275,200110300DAL,23.9,13.2,2nd quarter,8:50.0,Michael Finley,DAL,True,2-pointer,8,25-29,'DAL',trails
276,276,276,200110300DAL,24.0,5.0,2nd quarter,8:30.0,Michael Finley,DAL,True,2-pointer,0,27-29,'DAL',trails
277,277,277,200110300DAL,17.5,23.4,2nd quarter,7:49.0,Michael Finley,DAL,True,2-pointer,20,29-29,'DAL',tied
278,278,278,200110300DAL,24.0,5.0,2nd quarter,7:14.0,Shawn Bradley,DAL,False,2-pointer,0,29-29,'DAL',tied
279,279,279,200110300DAL,20.3,12.2,2nd quarter,6:04.0,Juwan Howard,DAL,False,2-pointer,8,31-33,'DAL',trails
280,280,280,200110300DAL,38.6,24.8,2nd quarter,5:35.0,Steve Nash,DAL,False,3-pointer,25,31-33,'DAL',trails
281,281,281,200110300DAL,13.9,8.8,2nd quarter,4:11.0,Michael Finley,DAL,True,2-pointer,11,35-35,'DAL',tied
282,282,282,200110300DAL,38.0,8.4,2nd quarter,4:01.0,Michael Finley,DAL,False,2-pointer,14,35-35,'DAL',tied
283,283,283,200110300DAL,16.9,11.6,2nd quarter,3:32.0,Michael Finley,DAL,False,2-pointer,10,35-38,'DAL',trails
284,284,284,200110300DAL,8.9,25.5,2nd quarter,3:00.0,Steve Nash,DAL,False,3-pointer,25,35-40,'DAL',trails
285,285,285,200110300DAL,1.7,15.6,2nd quarter,2:25.0,Steve Nash,DAL,True,3-pointer,25,38-42,'DAL',trails
286,286,286,200110300DAL,23.9,19.4,2nd quarter,1:26.0,Dirk Nowitzki,DAL,False,2-pointer,14,38-44,'DAL',trails
287,287,287,200110300DAL,24.0,5.0,2nd quarter,1:01.0,Michael Finley,DAL,False,2-pointer,0,38-44,'DAL',trails
288,288,288,200110300DAL,24.0,5.0,2nd quarter,0:36.0,Steve Nash,DAL,True,2-pointer,0,40-44,'DAL',trails
289,289,289,200110300DAL,38.6,20.0,2nd quarter,0:02.7,Michael Finley,DAL,False,2-pointer,21,40-44,'DAL',trails
290,290,290,200110300DAL,11.0,27.2,3rd quarter,11:07.0,Michael Finley,DAL,True,3-pointer,26,43-44,'DAL',trails
291,291,291,200110300DAL,9.5,24.4,3rd quarter,10:39.0,Michael Finley,DAL,False,3-pointer,24,43-44,'DAL',trails
292,292,292,200110300DAL,12.5,18.3,3rd quarter,10:15.0,Shawn Bradley,DAL,False,2-pointer,18,43-44,'DAL',trails
293,293,293,200110300DAL,40.1,20.0,3rd quarter,9:57.0,Michael Finley,DAL,True,2-pointer,22,45-46,'DAL',trails
294,294,294,200110300DAL,27.2,11.1,3rd quarter,9:05.0,Juwan Howard,DAL,False,2-pointer,7,45-50,'DAL',trails
295,295,295,200110300DAL,24.0,5.0,3rd quarter,8:35.0,Dirk Nowitzki,DAL,True,2-pointer,0,47-52,'DAL',trails
296,296,296,200110300DAL,18.2,28.2,3rd quarter,8:17.0,Dirk Nowitzki,DAL,False,3-pointer,24,47-52,'DAL',trails
297,297,297,200110300DAL,37.2,6.5,3rd quarter,8:03.0,Dirk Nowitzki,DAL,False,2-pointer,13,47-52,'DAL',trails
298,298,298,200110300DAL,24.3,18.3,3rd quarter,7:51.0,Steve Nash,DAL,False,2-pointer,13,47-52,'DAL',trails
299,299,299,200110300DAL,24.3,9.9,3rd quarter,7:33.0,Juwan Howard,DAL,False,2-pointer,5,47-52,'DAL',trails
300,300,300,200110300DAL,24.0,5.0,3rd quarter,7:29.0,Juwan Howard,DAL,False,2-pointer,0,47-52,'DAL',trails
301,301,301,200110300DAL,8.9,6.1,3rd quarter,7:04.0,Dirk Nowitzki,DAL,True,2-pointer,15,49-54,'DAL',trails
302,302,302,200110300DAL,1.7,7.1,3rd quarter,6:33.0,Michael Finley,DAL,True,3-pointer,22,52-54,'DAL',trails
303,303,303,200110300DAL,12.5,23.8,3rd quarter,5:53.0,Dirk Nowitzki,DAL,True,2-pointer,22,54-56,'DAL',trails
304,304,304,200110300DAL,36.5,27.2,3rd quarter,5:13.0,Steve Nash,DAL,True,3-pointer,25,57-56,'DAL',leads
305,305,305,200110300DAL,37.2,18.3,3rd quarter,4:30.0,Danny Manning,DAL,True,2-pointer,19,59-56,'DAL',leads
306,306,306,200110300DAL,18.2,28.2,3rd quarter,3:31.0,Michael Finley,DAL,True,3-pointer,24,64-57,'DAL',leads
307,307,307,200110300DAL,18.2,8.4,3rd quarter,2:51.0,Juwan Howard,DAL,False,2-pointer,7,64-57,'DAL',leads
308,308,308,200110300DAL,40.1,13.2,3rd quarter,2:14.0,Steve Nash,DAL,False,2-pointer,18,64-60,'DAL',leads
309,309,309,200110300DAL,41.6,18.3,3rd quarter,1:41.0,Michael Finley,DAL,False,2-pointer,22,64-62,'DAL',leads
310,310,310,200110300DAL,23.9,10.5,3rd quarter,1:36.0,Michael Finley,DAL,False,2-pointer,6,64-62,'DAL',leads
311,311,311,200110300DAL,19.6,28.8,3rd quarter,1:04.0,Dirk Nowitzki,DAL,True,3-pointer,24,67-64,'DAL',leads
312,312,312,200110300DAL,20.3,8.8,3rd quarter,0:39.2,Michael Finley,DAL,False,2-pointer,5,67-64,'DAL',leads
313,313,313,200110300DAL,24.0,5.0,3rd quarter,0:09.2,Juwan Howard,DAL,True,2-pointer,0,69-64,'DAL',leads
314,314,314,200110300DAL,46.6,6.1,4th quarter,11:38.0,Dirk Nowitzki,DAL,False,3-pointer,23,69-64,'DAL',leads
315,315,315,200110300DAL,24.0,5.0,4th quarter,10:13.0,Dirk Nowitzki,DAL,True,2-pointer,0,71-66,'DAL',leads
316,316,316,200110300DAL,38.6,24.4,4th quarter,8:41.0,Michael Finley,DAL,True,3-pointer,24,78-66,'DAL',leads
317,317,317,200110300DAL,24.0,5.0,4th quarter,8:05.0,Steve Nash,DAL,False,2-pointer,0,78-69,'DAL',leads
318,318,318,200110300DAL,24.0,5.0,4th quarter,7:04.0,Shawn Bradley,DAL,True,2-pointer,0,80-71,'DAL',leads
319,319,319,200110300DAL,13.9,26.5,4th quarter,6:44.0,Dirk Nowitzki,DAL,True,3-pointer,24,84-71,'DAL',leads
320,320,320,200110300DAL,40.7,16.6,4th quarter,5:52.0,Michael Finley,DAL,False,2-pointer,20,84-73,'DAL',leads
321,321,321,200110300DAL,23.9,17.2,4th quarter,5:05.0,Michael Finley,DAL,True,2-pointer,12,86-73,'DAL',leads
322,322,322,200110300DAL,31.7,18.3,4th quarter,4:35.0,Michael Finley,DAL,True,2-pointer,15,88-75,'DAL',leads
323,323,323,200110300DAL,28.7,12.2,4th quarter,3:54.0,Steve Nash,DAL,False,2-pointer,9,88-75,'DAL',leads
324,324,324,200110300DAL,24.0,5.0,4th quarter,3:28.0,Dirk Nowitzki,DAL,False,2-pointer,0,88-75,'DAL',leads
325,325,325,200110300DAL,27.9,12.8,4th quarter,2:21.0,Tim Hardaway,DAL,True,2-pointer,9,90-79,'DAL',leads
326,326,326,200110300DAL,38.6,16.6,4th quarter,1:39.0,Michael Finley,DAL,False,2-pointer,19,90-81,'DAL',leads
327,327,327,200110300DAL,35.0,26.5,4th quarter,0:55.3,Tim Hardaway,DAL,False,3-pointer,24,90-83,'DAL',leads
328,328,328,200110300DAL,23.2,20.0,4th quarter,0:22.6,Dirk Nowitzki,DAL,False,2-pointer,15,92-85,'DAL',leads
329,329,329,200110300HOU,1.1,7.6,1st quarter,11:29.0,Emanual Davis,ATL,False,3-pointer,23,0-0,'HOU',tied
330,330,330,200110300HOU,14.8,5.4,1st quarter,11:19.0,Theo Ratliff,ATL,False,2-pointer,9,0-0,'HOU',tied
331,331,331,200110300HOU,24.0,5.0,1st quarter,11:00.0,Shareef Abdur-Rahim,ATL,True,2-pointer,0,2-0,'HOU',leads
332,332,332,200110300HOU,24.0,5.0,1st quarter,10:32.0,Shareef Abdur-Rahim,ATL,False,2-pointer,0,2-0,'HOU',leads
333,333,333,200110300HOU,24.0,5.0,1st quarter,9:55.0,Dion Glover,ATL,True,2-pointer,0,6-0,'HOU',leads
334,334,334,200110300HOU,30.6,5.9,1st quarter,9:26.0,Shareef Abdur-Rahim,ATL,True,2-pointer,7,8-2,'HOU',leads
335,335,335,200110300HOU,21.7,10.9,1st quarter,8:54.0,Theo Ratliff,ATL,False,2-pointer,6,8-2,'HOU',leads
336,336,336,200110300HOU,30.6,13.7,1st quarter,8:28.0,Jason Terry,ATL,True,2-pointer,11,10-2,'HOU',leads
337,337,337,200110300HOU,5.7,10.5,1st quarter,6:28.0,Dion Glover,ATL,True,2-pointer,19,14-6,'HOU',leads
338,338,338,200110300HOU,26.4,9.2,1st quarter,5:45.0,Shareef Abdur-Rahim,ATL,True,2-pointer,5,16-6,'HOU',leads
339,339,339,200110300HOU,39.7,24.4,1st quarter,5:04.0,Emanual Davis,ATL,False,3-pointer,25,16-6,'HOU',leads
340,340,340,200110300HOU,23.2,8.6,1st quarter,4:32.0,Theo Ratliff,ATL,False,2-pointer,4,16-8,'HOU',leads
341,341,341,200110300HOU,31.3,19.4,1st quarter,3:52.0,Jacque Vaughn,ATL,False,2-pointer,16,16-10,'HOU',leads
342,342,342,200110300HOU,14.8,22.7,1st quarter,3:28.0,Jacque Vaughn,ATL,False,2-pointer,20,16-12,'HOU',leads
343,343,343,200110300HOU,24.0,5.0,1st quarter,3:01.0,Theo Ratliff,ATL,True,2-pointer,0,18-12,'HOU',leads
344,344,344,200110300HOU,10.2,16.6,1st quarter,2:19.0,Jacque Vaughn,ATL,False,2-pointer,18,18-12,'HOU',leads
345,345,345,200110300HOU,24.0,5.0,1st quarter,2:13.0,Jason Terry,ATL,False,2-pointer,0,18-12,'HOU',leads
346,346,346,200110300HOU,30.0,10.5,1st quarter,1:34.0,Jacque Vaughn,ATL,False,2-pointer,8,18-12,'HOU',leads
347,347,347,200110300HOU,36.3,22.1,1st quarter,0:16.0,Jason Terry,ATL,False,2-pointer,21,20-18,'HOU',leads
348,348,348,200110300HOU,23.9,9.2,2nd quarter,11:39.0,Shareef Abdur-Rahim,ATL,True,2-pointer,4,24-19,'HOU',leads
349,349,349,200110300HOU,39.7,20.6,2nd quarter,11:10.0,Shareef Abdur-Rahim,ATL,False,2-pointer,22,24-21,'HOU',leads
350,350,350,200110300HOU,26.4,9.9,2nd quarter,10:40.0,Shareef Abdur-Rahim,ATL,False,2-pointer,5,24-23,'HOU',leads
351,351,351,200110300HOU,24.0,5.0,2nd quarter,10:39.0,Shareef Abdur-Rahim,ATL,False,2-pointer,0,24-23,'HOU',leads
352,352,352,200110300HOU,24.0,5.0,2nd quarter,10:37.0,Shareef Abdur-Rahim,ATL,False,2-pointer,0,24-23,'HOU',leads
353,353,353,200110300HOU,41.2,17.0,2nd quarter,10:11.0,Toni Kukoč,ATL,True,2-pointer,21,26-23,'HOU',leads
354,354,354,200110300HOU,43.7,5.0,2nd quarter,9:48.0,Emanual Davis,ATL,True,2-pointer,20,28-23,'HOU',leads
355,355,355,200110300HOU,41.8,23.8,2nd quarter,9:16.0,Toni Kukoč,ATL,False,3-pointer,26,28-26,'HOU',leads
356,356,356,200110300HOU,15.4,5.9,2nd quarter,9:11.0,Nazr Mohammed,ATL,False,2-pointer,9,28-26,'HOU',leads
357,357,357,200110300HOU,32.1,6.5,2nd quarter,7:49.0,Shareef Abdur-Rahim,ATL,True,2-pointer,8,32-30,'HOU',leads
358,358,358,200110300HOU,14.2,10.5,2nd quarter,7:04.0,Emanual Davis,ATL,False,2-pointer,11,32-32,'HOU',tied
359,359,359,200110300HOU,36.3,20.0,2nd quarter,6:18.0,Toni Kukoč,ATL,False,2-pointer,19,32-34,'HOU',trails
360,360,360,200110300HOU,7.8,25.0,2nd quarter,6:10.0,Emanual Davis,ATL,False,3-pointer,26,32-34,'HOU',trails
361,361,361,200110300HOU,24.0,5.0,2nd quarter,6:05.0,Shareef Abdur-Rahim,ATL,True,2-pointer,0,34-34,'HOU',tied
362,362,362,200110300HOU,32.1,5.4,2nd quarter,5:09.0,Theo Ratliff,ATL,True,2-pointer,8,37-38,'HOU',trails
363,363,363,200110300HOU,5.7,22.7,2nd quarter,4:35.0,Emanual Davis,ATL,False,3-pointer,25,37-38,'HOU',trails
364,364,364,200110300HOU,19.8,9.2,2nd quarter,3:53.0,Jacque Vaughn,ATL,False,2-pointer,6,37-40,'HOU',trails
365,365,365,200110300HOU,9.3,5.0,2nd quarter,3:42.0,Dion Glover,ATL,False,2-pointer,15,37-40,'HOU',trails
366,366,366,200110300HOU,43.1,21.7,2nd quarter,2:39.0,Dion Glover,ATL,False,3-pointer,25,37-42,'HOU',trails
367,367,367,200110300HOU,33.4,18.3,2nd quarter,2:08.0,Jason Terry,ATL,True,2-pointer,16,39-45,'HOU',trails
368,368,368,200110300HOU,23.9,20.0,2nd quarter,1:38.0,Theo Ratliff,ATL,False,2-pointer,15,39-45,'HOU',trails
369,369,369,200110300HOU,24.0,5.0,2nd quarter,0:34.2,Shareef Abdur-Rahim,ATL,False,2-pointer,0,41-45,'HOU',trails
370,370,370,200110300HOU,38.4,25.0,3rd quarter,10:20.0,Emanual Davis,ATL,True,3-pointer,25,45-49,'HOU',trails
371,371,371,200110300HOU,6.6,23.4,3rd quarter,9:51.0,Emanual Davis,ATL,True,3-pointer,25,48-49,'HOU',trails
372,372,372,200110300HOU,12.9,20.6,3rd quarter,7:58.0,Jason Terry,ATL,False,2-pointer,19,48-51,'HOU',trails
373,373,373,200110300HOU,1.7,5.9,3rd quarter,7:24.0,Shareef Abdur-Rahim,ATL,False,3-pointer,22,48-53,'HOU',trails
374,374,374,200110300HOU,24.3,12.0,3rd quarter,6:08.0,Theo Ratliff,ATL,False,2-pointer,7,48-58,'HOU',trails
375,375,375,200110300HOU,20.5,9.2,3rd quarter,5:53.0,Theo Ratliff,ATL,True,2-pointer,5,50-58,'HOU',trails
376,376,376,200110300HOU,37.6,20.6,3rd quarter,5:18.0,Shareef Abdur-Rahim,ATL,True,2-pointer,21,53-58,'HOU',trails
377,377,377,200110300HOU,7.2,18.3,3rd quarter,4:41.0,Shareef Abdur-Rahim,ATL,False,2-pointer,21,53-58,'HOU',trails
378,378,378,200110300HOU,39.0,18.3,3rd quarter,4:06.0,Shareef Abdur-Rahim,ATL,False,2-pointer,20,53-59,'HOU',trails
379,379,379,200110300HOU,38.4,19.4,3rd quarter,3:33.0,Shareef Abdur-Rahim,ATL,False,2-pointer,20,53-62,'HOU',trails
380,380,380,200110300HOU,24.3,10.5,3rd quarter,3:01.0,Jason Terry,ATL,False,2-pointer,6,53-62,'HOU',trails
381,381,381,200110300HOU,32.1,8.0,3rd quarter,2:38.0,Shareef Abdur-Rahim,ATL,False,2-pointer,9,53-62,'HOU',trails
382,382,382,200110300HOU,27.2,14.9,3rd quarter,1:14.0,Jacque Vaughn,ATL,False,2-pointer,10,56-62,'HOU',trails
383,383,383,200110300HOU,24.0,5.0,3rd quarter,0:44.1,Chris Crawford,ATL,True,2-pointer,0,58-62,'HOU',trails
384,384,384,200110300HOU,24.0,5.0,3rd quarter,0:01.3,Jacque Vaughn,ATL,False,2-pointer,0,58-63,'HOU',trails
385,385,385,200110300HOU,6.6,5.0,4th quarter,11:12.0,Hanno Möttölä,ATL,True,2-pointer,17,60-65,'HOU',trails
386,386,386,200110300HOU,24.0,5.0,4th quarter,10:40.0,Chris Crawford,ATL,True,2-pointer,0,62-65,'HOU',trails
387,387,387,200110300HOU,16.9,17.7,4th quarter,10:13.0,Chris Crawford,ATL,True,2-pointer,15,64-67,'HOU',trails
388,388,388,200110300HOU,9.3,20.6,4th quarter,8:58.0,Jacque Vaughn,ATL,False,2-pointer,21,64-68,'HOU',trails
389,389,389,200110300HOU,17.5,5.9,4th quarter,8:37.0,Shareef Abdur-Rahim,ATL,False,2-pointer,7,64-68,'HOU',trails
390,390,390,200110300HOU,24.0,5.0,4th quarter,8:36.0,Chris Crawford,ATL,False,2-pointer,0,64-68,'HOU',trails
391,391,391,200110300HOU,24.0,5.0,4th quarter,8:32.0,Chris Crawford,ATL,False,2-pointer,0,64-68,'HOU',trails
392,392,392,200110300HOU,24.0,5.0,4th quarter,7:37.0,Shareef Abdur-Rahim,ATL,True,2-pointer,0,66-70,'HOU',trails
393,393,393,200110300HOU,24.0,5.0,4th quarter,7:09.0,Emanual Davis,ATL,True,2-pointer,0,68-70,'HOU',trails
394,394,394,200110300HOU,24.3,17.0,4th quarter,5:54.0,Emanual Davis,ATL,False,2-pointer,12,70-70,'HOU',tied
395,395,395,200110300HOU,24.0,5.0,4th quarter,5:15.0,Toni Kukoč,ATL,False,2-pointer,0,70-70,'HOU',tied
396,396,396,200110300HOU,9.3,22.1,4th quarter,4:36.0,Chris Crawford,ATL,False,2-pointer,23,70-70,'HOU',tied
397,397,397,200110300HOU,32.7,5.9,4th quarter,4:12.0,Shareef Abdur-Rahim,ATL,True,2-pointer,9,72-71,'HOU',leads
398,398,398,200110300HOU,31.3,25.0,4th quarter,3:37.0,Shareef Abdur-Rahim,ATL,False,2-pointer,21,72-71,'HOU',leads
399,399,399,200110300HOU,9.3,4.4,4th quarter,2:58.0,Emanual Davis,ATL,True,2-pointer,15,74-71,'HOU',leads
400,400,400,200110300HOU,43.1,20.6,4th quarter,1:54.0,Jason Terry,ATL,False,3-pointer,25,74-72,'HOU',leads
401,401,401,200110300HOU,24.0,5.0,4th quarter,1:02.0,Shareef Abdur-Rahim,ATL,True,2-pointer,0,76-76,'HOU',tied
402,402,402,200110300HOU,5.1,7.6,4th quarter,0:00.2,Toni Kukoč,ATL,False,2-pointer,19,76-76,'HOU',tied
403,403,403,200110300HOU,9.3,26.1,1st overtime,4:08.0,Toni Kukoč,ATL,False,3-pointer,26,76-79,'HOU',trails
404,404,404,200110300HOU,23.9,10.9,1st overtime,3:33.0,Theo Ratliff,ATL,True,2-pointer,6,78-79,'HOU',trails
405,405,405,200110300HOU,32.7,5.0,1st overtime,2:54.0,Shareef Abdur-Rahim,ATL,False,2-pointer,9,78-81,'HOU',trails
406,406,406,200110300HOU,30.0,22.7,1st overtime,2:17.0,Jason Terry,ATL,False,2-pointer,19,78-81,'HOU',trails
407,407,407,200110300HOU,1.1,5.9,1st overtime,1:15.0,Emanual Davis,ATL,False,3-pointer,23,78-83,'HOU',trails
408,408,408,200110300HOU,39.0,5.0,1st overtime,0:45.7,Jason Terry,ATL,False,2-pointer,15,78-83,'HOU',trails
409,409,409,200110300HOU,24.0,5.0,1st overtime,0:44.7,Theo Ratliff,ATL,True,2-pointer,0,80-83,'HOU',trails
410,410,410,200110300HOU,17.5,29.1,1st overtime,0:17.9,Shareef Abdur-Rahim,ATL,False,3-pointer,25,80-85,'HOU',trails
411,411,411,200110300HOU,41.2,25.7,1st overtime,0:01.8,Emanual Davis,ATL,True,3-pointer,27,84-89,'HOU',trails
412,412,412,200110300HOU,19.8,26.7,1st quarter,11:49.0,Glen Rice,HOU,False,2-pointer,22,0-0,'HOU',tied
413,413,413,200110300HOU,24.0,5.0,1st quarter,11:12.0,Kelvin Cato,HOU,False,2-pointer,0,0-0,'HOU',tied
414,414,414,200110300HOU,24.0,5.0,1st quarter,10:42.0,Cuttino Mobley,HOU,False,2-pointer,0,0-2,'HOU',trails
415,415,415,200110300HOU,33.4,9.9,1st quarter,10:20.0,Kenny Thomas,HOU,False,2-pointer,11,0-2,'HOU',trails
416,416,416,200110300HOU,23.9,22.1,1st quarter,9:38.0,Steve Francis,HOU,True,2-pointer,17,2-6,'HOU',trails
417,417,417,200110300HOU,43.1,10.5,1st quarter,9:12.0,Kenny Thomas,HOU,False,2-pointer,20,2-8,'HOU',trails
418,418,418,200110300HOU,10.8,26.1,1st quarter,8:46.0,Steve Francis,HOU,False,3-pointer,25,2-8,'HOU',trails
419,419,419,200110300HOU,1.7,6.5,1st quarter,8:00.0,Glen Rice,HOU,False,3-pointer,22,2-10,'HOU',trails
420,420,420,200110300HOU,41.2,16.6,1st quarter,7:27.0,Cuttino Mobley,HOU,True,2-pointer,21,4-10,'HOU',trails
421,421,421,200110300HOU,24.0,5.0,1st quarter,6:12.0,Steve Francis,HOU,False,2-pointer,0,6-14,'HOU',trails
422,422,422,200110300HOU,21.7,25.7,1st quarter,6:01.0,Kenny Thomas,HOU,False,2-pointer,21,6-14,'HOU',trails
423,423,423,200110300HOU,18.4,19.4,1st quarter,5:28.0,Glen Rice,HOU,False,2-pointer,15,6-16,'HOU',trails
424,424,424,200110300HOU,12.1,24.4,1st quarter,5:22.0,Glen Rice,HOU,False,2-pointer,23,6-16,'HOU',trails
425,425,425,200110300HOU,24.0,5.0,1st quarter,4:53.0,Glen Rice,HOU,True,2-pointer,0,8-16,'HOU',trails
426,426,426,200110300HOU,24.0,5.0,1st quarter,4:20.0,Glen Rice,HOU,True,2-pointer,0,10-16,'HOU',trails
427,427,427,200110300HOU,14.8,20.0,1st quarter,3:44.0,Cuttino Mobley,HOU,True,2-pointer,18,12-16,'HOU',trails
428,428,428,200110300HOU,14.2,10.5,1st quarter,3:09.0,Kevin Willis,HOU,False,2-pointer,11,12-16,'HOU',trails
429,429,429,200110300HOU,24.0,5.0,1st quarter,2:43.0,Kenny Thomas,HOU,False,2-pointer,0,12-18,'HOU',trails
430,430,430,200110300HOU,24.0,5.0,1st quarter,1:23.0,Kevin Willis,HOU,True,2-pointer,0,14-18,'HOU',trails
431,431,431,200110300HOU,43.1,20.6,1st quarter,0:32.2,Cuttino Mobley,HOU,True,3-pointer,25,18-20,'HOU',trails
432,432,432,200110300HOU,16.9,19.4,1st quarter,0:02.8,Eddie Griffin,HOU,False,2-pointer,16,18-22,'HOU',trails
433,433,433,200110300HOU,21.1,8.6,2nd quarter,11:25.0,Steve Francis,HOU,True,2-pointer,5,21-24,'HOU',trails
434,434,434,200110300HOU,17.5,25.0,2nd quarter,11:02.0,Steve Francis,HOU,True,2-pointer,21,23-24,'HOU',trails
435,435,435,200110300HOU,43.1,20.6,2nd quarter,10:30.0,Walt Williams,HOU,False,3-pointer,25,23-24,'HOU',trails
436,436,436,200110300HOU,24.0,5.0,2nd quarter,9:55.0,Moochie Norris,HOU,False,2-pointer,0,23-26,'HOU',trails
437,437,437,200110300HOU,24.3,9.9,2nd quarter,9:28.0,Walt Williams,HOU,False,2-pointer,5,23-28,'HOU',trails
438,438,438,200110300HOU,24.0,5.0,2nd quarter,9:26.0,Eddie Griffin,HOU,True,2-pointer,0,25-28,'HOU',trails
439,439,439,200110300HOU,24.0,5.0,2nd quarter,9:05.0,Kevin Willis,HOU,True,2-pointer,0,28-28,'HOU',tied
440,440,440,200110300HOU,10.8,17.7,2nd quarter,8:26.0,Steve Francis,HOU,False,2-pointer,18,28-30,'HOU',trails
441,441,441,200110300HOU,24.0,5.0,2nd quarter,8:07.0,Kevin Willis,HOU,True,2-pointer,0,30-30,'HOU',tied
442,442,442,200110300HOU,37.6,17.0,2nd quarter,7:25.0,Moochie Norris,HOU,True,2-pointer,18,32-32,'HOU',tied
443,443,443,200110300HOU,24.0,5.0,2nd quarter,6:43.0,Kevin Willis,HOU,True,2-pointer,0,34-32,'HOU',leads
444,444,444,200110300HOU,12.9,17.0,2nd quarter,5:48.0,Cuttino Mobley,HOU,True,2-pointer,16,36-35,'HOU',leads
445,445,445,200110300HOU,24.0,5.0,2nd quarter,5:21.0,Kenny Thomas,HOU,True,2-pointer,0,38-35,'HOU',leads
446,446,446,200110300HOU,16.9,10.9,2nd quarter,4:51.0,Kevin Willis,HOU,False,2-pointer,9,38-37,'HOU',leads
447,447,447,200110300HOU,24.0,5.0,2nd quarter,4:15.0,Cuttino Mobley,HOU,True,2-pointer,0,40-37,'HOU',leads
448,448,448,200110300HOU,24.0,5.0,2nd quarter,3:24.0,Kelvin Cato,HOU,False,2-pointer,0,40-37,'HOU',leads
449,449,449,200110300HOU,35.5,22.1,2nd quarter,2:58.0,Moochie Norris,HOU,True,2-pointer,21,42-37,'HOU',leads
450,450,450,200110300HOU,1.1,7.6,2nd quarter,2:30.0,Cuttino Mobley,HOU,True,3-pointer,23,45-37,'HOU',leads
451,451,451,200110300HOU,42.4,21.7,2nd quarter,1:17.0,Cuttino Mobley,HOU,False,3-pointer,25,45-39,'HOU',leads
452,452,452,200110300HOU,10.8,19.4,2nd quarter,0:27.8,Eddie Griffin,HOU,False,2-pointer,20,45-41,'HOU',leads
453,453,453,200110300HOU,9.3,27.2,2nd quarter,0:04.2,Steve Francis,HOU,False,3-pointer,27,45-41,'HOU',leads
454,454,454,200110300HOU,23.9,10.9,2nd quarter,0:00.0,Steve Francis,HOU,False,2-pointer,6,45-41,'HOU',leads
455,455,455,200110300HOU,32.7,18.7,3rd quarter,11:21.0,Cuttino Mobley,HOU,False,2-pointer,16,45-41,'HOU',leads
456,456,456,200110300HOU,24.0,5.0,3rd quarter,11:20.0,Kelvin Cato,HOU,True,2-pointer,0,47-41,'HOU',leads
457,457,457,200110300HOU,24.0,5.0,3rd quarter,10:42.0,Kenny Thomas,HOU,True,2-pointer,0,49-42,'HOU',leads
458,458,458,200110300HOU,1.7,5.9,3rd quarter,9:08.0,Steve Francis,HOU,False,3-pointer,22,49-48,'HOU',leads
459,459,459,200110300HOU,31.3,5.9,3rd quarter,8:34.0,Steve Francis,HOU,False,2-pointer,7,49-48,'HOU',leads
460,460,460,200110300HOU,24.0,5.0,3rd quarter,8:18.0,Kelvin Cato,HOU,True,2-pointer,0,51-48,'HOU',leads
461,461,461,200110300HOU,24.0,5.0,3rd quarter,7:46.0,Kelvin Cato,HOU,True,2-pointer,0,53-48,'HOU',leads
462,462,462,200110300HOU,16.3,29.5,3rd quarter,7:16.0,Cuttino Mobley,HOU,True,3-pointer,26,56-48,'HOU',leads
463,463,463,200110300HOU,24.0,5.0,3rd quarter,6:52.0,Steve Francis,HOU,False,2-pointer,0,56-48,'HOU',leads
464,464,464,200110300HOU,24.0,5.0,3rd quarter,6:51.0,Kenny Thomas,HOU,False,2-pointer,0,56-48,'HOU',leads
465,465,465,200110300HOU,24.0,5.0,3rd quarter,6:47.0,Kenny Thomas,HOU,True,2-pointer,0,58-48,'HOU',leads
466,466,466,200110300HOU,24.0,5.0,3rd quarter,6:20.0,Cuttino Mobley,HOU,False,2-pointer,0,58-48,'HOU',leads
467,467,467,200110300HOU,1.1,9.9,3rd quarter,4:50.0,Kenny Thomas,HOU,False,3-pointer,23,58-53,'HOU',leads
468,468,468,200110300HOU,5.7,23.4,3rd quarter,3:54.0,Steve Francis,HOU,True,3-pointer,26,62-53,'HOU',leads
469,469,469,200110300HOU,34.0,19.4,3rd quarter,3:19.0,Kelvin Cato,HOU,False,2-pointer,18,62-53,'HOU',leads
470,470,470,200110300HOU,27.2,16.6,3rd quarter,2:21.0,Steve Francis,HOU,False,2-pointer,12,62-53,'HOU',leads
471,471,471,200110300HOU,2.4,17.7,3rd quarter,1:27.0,Glen Rice,HOU,False,3-pointer,25,62-56,'HOU',leads
472,472,472,200110300HOU,1.7,6.5,3rd quarter,0:53.8,Steve Francis,HOU,False,3-pointer,22,62-56,'HOU',leads
473,473,473,200110300HOU,24.0,5.0,4th quarter,11:33.0,Kenny Thomas,HOU,True,2-pointer,0,65-58,'HOU',leads
474,474,474,200110300HOU,23.9,30.7,4th quarter,9:51.0,Kenny Thomas,HOU,False,3-pointer,26,67-64,'HOU',leads
475,475,475,200110300HOU,24.0,5.0,4th quarter,9:27.0,Cuttino Mobley,HOU,False,2-pointer,0,67-64,'HOU',leads
476,476,476,200110300HOU,5.7,15.6,4th quarter,8:49.0,Walt Williams,HOU,False,2-pointer,21,68-64,'HOU',leads
477,477,477,200110300HOU,12.9,10.5,4th quarter,8:27.0,Cuttino Mobley,HOU,True,2-pointer,12,70-64,'HOU',leads
478,478,478,200110300HOU,31.3,5.4,4th quarter,7:49.0,Walt Williams,HOU,False,2-pointer,7,70-64,'HOU',leads
479,479,479,200110300HOU,43.7,5.9,4th quarter,7:45.0,Moochie Norris,HOU,False,2-pointer,20,70-64,'HOU',leads
480,480,480,200110300HOU,24.3,27.8,4th quarter,7:14.0,Moochie Norris,HOU,False,2-pointer,23,70-66,'HOU',leads
481,481,481,200110300HOU,5.7,22.7,4th quarter,6:11.0,Walt Williams,HOU,False,3-pointer,25,70-69,'HOU',leads
482,482,482,200110300HOU,10.8,26.1,4th quarter,3:17.0,Steve Francis,HOU,False,3-pointer,25,71-72,'HOU',trails
483,483,483,200110300HOU,21.7,30.1,4th quarter,2:38.0,Glen Rice,HOU,False,3-pointer,25,71-74,'HOU',trails
484,484,484,200110300HOU,24.0,5.0,4th quarter,1:22.0,Kenny Thomas,HOU,True,2-pointer,0,76-74,'HOU',leads
485,485,485,200110300HOU,34.8,5.9,4th quarter,0:43.5,Kevin Willis,HOU,False,2-pointer,11,76-76,'HOU',tied
486,486,486,200110300HOU,24.0,5.0,4th quarter,0:41.4,Steve Francis,HOU,False,2-pointer,0,76-76,'HOU',tied
487,487,487,200110300HOU,24.0,5.0,4th quarter,0:05.0,Steve Francis,HOU,False,2-pointer,0,76-76,'HOU',tied
488,488,488,200110300HOU,24.9,10.9,4th quarter,0:02.1,Kevin Willis,HOU,False,2-pointer,6,76-76,'HOU',tied
489,489,489,200110300HOU,24.0,5.0,1st overtime,4:32.0,Steve Francis,HOU,True,2-pointer,0,78-76,'HOU',leads
490,490,490,200110300HOU,19.8,25.7,1st overtime,3:50.0,Steve Francis,HOU,False,2-pointer,21,79-76,'HOU',leads
491,491,491,200110300HOU,24.0,5.0,1st overtime,3:12.0,Glen Rice,HOU,True,2-pointer,0,81-78,'HOU',leads
492,492,492,200110300HOU,1.1,5.4,1st overtime,2:35.0,Steve Francis,HOU,False,3-pointer,23,81-78,'HOU',leads
493,493,493,200110300HOU,24.0,5.0,1st overtime,1:58.0,Cuttino Mobley,HOU,False,2-pointer,0,81-78,'HOU',leads
494,494,494,200110300HOU,15.4,10.9,1st overtime,1:31.0,Kelvin Cato,HOU,True,2-pointer,10,83-78,'HOU',leads
495,495,495,200110300HOU,27.2,24.4,1st overtime,0:25.1,Steve Francis,HOU,True,2-pointer,20,85-80,'HOU',leads
496,496,496,200110300LAL,13.5,7.1,1st quarter,11:27.0,Rasheed Wallace,POR,False,2-pointer,11,0-0,'POR',tied
497,497,497,200110300LAL,12.7,19.1,1st quarter,10:50.0,Derek Anderson,POR,False,2-pointer,18,0-2,'POR',trails
498,498,498,200110300LAL,20.7,9.0,1st quarter,10:14.0,Damon Stoudamire,POR,False,2-pointer,5,0-2,'POR',trails
499,499,499,200110300LAL,7.8,11.1,1st quarter,9:46.0,Derek Anderson,POR,False,2-pointer,17,0-4,'POR',trails
500,500,500,200110300LAL,24.1,13.5,1st quarter,8:39.0,Rasheed Wallace,POR,True,2-pointer,9,4-8,'POR',trails
501,501,501,200110300LAL,29.8,10.1,1st quarter,8:10.0,Dale Davis,POR,False,2-pointer,8,4-11,'POR',trails
502,502,502,200110300LAL,23.6,12.2,1st quarter,7:36.0,Rasheed Wallace,POR,True,2-pointer,7,6-11,'POR',trails
503,503,503,200110300LAL,14.2,21.9,1st quarter,7:02.0,Rasheed Wallace,POR,False,2-pointer,20,6-13,'POR',trails
504,504,504,200110300LAL,33.4,9.0,1st quarter,6:32.0,Derek Anderson,POR,False,2-pointer,10,6-15,'POR',trails
505,505,505,200110300LAL,12.1,12.2,1st quarter,6:03.0,Damon Stoudamire,POR,False,2-pointer,14,6-17,'POR',trails
506,506,506,200110300LAL,21.3,11.8,1st quarter,4:52.0,Rasheed Wallace,POR,False,2-pointer,7,6-19,'POR',trails
507,507,507,200110300LAL,7.8,25.9,1st quarter,3:23.0,Derek Anderson,POR,True,3-pointer,26,11-21,'POR',trails
508,508,508,200110300LAL,24.0,5.0,1st quarter,2:32.0,Bonzi Wells,POR,True,2-pointer,0,13-24,'POR',trails
509,509,509,200110300LAL,15.6,12.2,1st quarter,1:52.0,Damon Stoudamire,POR,True,2-pointer,11,15-24,'POR',trails
510,510,510,200110300LAL,24.0,5.0,1st quarter,1:22.0,Derek Anderson,POR,True,2-pointer,0,17-26,'POR',trails
511,511,511,200110300LAL,27.0,25.5,1st quarter,0:58.1,Shawn Kemp,POR,False,2-pointer,21,17-27,'POR',trails
512,512,512,200110300LAL,36.9,25.9,1st quarter,0:52.0,Derek Anderson,POR,True,3-pointer,25,20-27,'POR',trails
513,513,513,200110300LAL,22.8,11.8,1st quarter,0:24.8,Damon Stoudamire,POR,False,2-pointer,7,20-29,'POR',trails
514,514,514,200110300LAL,24.0,5.0,2nd quarter,10:58.0,Derek Anderson,POR,False,2-pointer,0,23-29,'POR',trails
515,515,515,200110300LAL,10.6,9.5,2nd quarter,9:56.0,Scottie Pippen,POR,False,2-pointer,14,23-31,'POR',trails
516,516,516,200110300LAL,30.4,14.7,2nd quarter,9:23.0,Shawn Kemp,POR,True,2-pointer,12,25-31,'POR',trails
517,517,517,200110300LAL,9.9,16.8,2nd quarter,8:49.0,Bonzi Wells,POR,False,2-pointer,18,25-33,'POR',trails
518,518,518,200110300LAL,24.0,5.0,2nd quarter,8:23.0,Rasheed Wallace,POR,False,2-pointer,0,25-35,'POR',trails
519,519,519,200110300LAL,24.0,5.0,2nd quarter,7:49.0,Shawn Kemp,POR,False,2-pointer,0,25-37,'POR',trails
520,520,520,200110300LAL,24.0,5.0,2nd quarter,7:22.0,Damon Stoudamire,POR,False,2-pointer,0,25-39,'POR',trails
521,521,521,200110300LAL,24.0,5.0,2nd quarter,6:56.0,Bonzi Wells,POR,False,2-pointer,0,25-42,'POR',trails
522,522,522,200110300LAL,24.0,5.0,2nd quarter,6:30.0,Bonzi Wells,POR,True,2-pointer,0,27-42,'POR',trails
523,523,523,200110300LAL,7.0,25.9,2nd quarter,6:07.0,Rasheed Wallace,POR,False,3-pointer,27,27-42,'POR',trails
524,524,524,200110300LAL,36.9,6.1,2nd quarter,4:47.0,Rasheed Wallace,POR,True,2-pointer,13,31-44,'POR',trails
525,525,525,200110300LAL,33.4,13.5,2nd quarter,4:09.0,Damon Stoudamire,POR,True,2-pointer,13,33-45,'POR',trails
526,526,526,200110300LAL,36.9,7.1,2nd quarter,3:11.0,Dale Davis,POR,True,2-pointer,13,35-50,'POR',trails
527,527,527,200110300LAL,13.5,19.1,2nd quarter,2:48.0,Damon Stoudamire,POR,True,2-pointer,18,37-50,'POR',trails
528,528,528,200110300LAL,11.2,19.8,2nd quarter,2:16.0,Rasheed Wallace,POR,True,2-pointer,20,39-50,'POR',trails
529,529,529,200110300LAL,24.0,5.0,2nd quarter,1:46.0,Damon Stoudamire,POR,False,2-pointer,0,39-51,'POR',trails
530,530,530,200110300LAL,24.0,5.0,2nd quarter,1:38.0,Rasheed Wallace,POR,True,2-pointer,0,41-51,'POR',trails
531,531,531,200110300LAL,0.5,5.4,2nd quarter,0:59.2,Derek Anderson,POR,True,3-pointer,24,44-51,'POR',trails
532,532,532,200110300LAL,12.7,7.1,3rd quarter,11:39.0,Rasheed Wallace,POR,False,2-pointer,11,46-55,'POR',trails
533,533,533,200110300LAL,24.0,5.0,3rd quarter,11:14.0,Derek Anderson,POR,True,2-pointer,0,48-55,'POR',trails
534,534,534,200110300LAL,24.0,5.0,3rd quarter,9:59.0,Scottie Pippen,POR,False,2-pointer,0,50-57,'POR',trails
535,535,535,200110300LAL,46.2,16.2,3rd quarter,9:35.0,Derek Anderson,POR,False,3-pointer,25,50-59,'POR',trails
536,536,536,200110300LAL,24.0,5.0,3rd quarter,8:28.0,Rasheed Wallace,POR,True,2-pointer,0,52-64,'POR',trails
537,537,537,200110300LAL,9.9,26.5,3rd quarter,7:43.0,Scottie Pippen,POR,False,3-pointer,26,52-64,'POR',trails
538,538,538,200110300LAL,30.4,6.5,3rd quarter,7:40.0,Dale Davis,POR,False,2-pointer,7,52-64,'POR',trails
539,539,539,200110300LAL,14.8,8.4,3rd quarter,6:08.0,Rasheed Wallace,POR,False,2-pointer,10,54-66,'POR',trails
540,540,540,200110300LAL,9.9,28.2,3rd quarter,5:49.0,Damon Stoudamire,POR,True,3-pointer,27,57-66,'POR',trails
541,541,541,200110300LAL,11.2,9.5,3rd quarter,5:07.0,Shawn Kemp,POR,True,2-pointer,14,59-66,'POR',trails
542,542,542,200110300LAL,15.6,14.1,3rd quarter,4:22.0,Damon Stoudamire,POR,False,2-pointer,12,60-66,'POR',trails
543,543,543,200110300LAL,24.1,11.8,3rd quarter,3:54.0,Rasheed Wallace,POR,False,2-pointer,7,60-66,'POR',trails
544,544,544,200110300LAL,36.9,16.2,3rd quarter,3:28.0,Bonzi Wells,POR,True,2-pointer,17,62-67,'POR',trails
545,545,545,200110300LAL,22.8,14.7,3rd quarter,2:27.0,Rasheed Wallace,POR,True,2-pointer,10,64-68,'POR',trails
546,546,546,200110300LAL,12.7,9.0,3rd quarter,2:00.0,Bonzi Wells,POR,False,2-pointer,12,64-68,'POR',trails
547,547,547,200110300LAL,24.0,5.0,3rd quarter,1:53.0,Rasheed Wallace,POR,True,2-pointer,0,66-68,'POR',trails
548,548,548,200110300LAL,36.3,3.9,3rd quarter,1:04.0,Bonzi Wells,POR,False,2-pointer,12,66-71,'POR',trails
549,549,549,200110300LAL,29.1,12.2,3rd quarter,0:14.4,Steve Kerr,POR,False,2-pointer,9,68-76,'POR',trails
550,550,550,200110300LAL,18.4,12.2,4th quarter,11:27.0,Shawn Kemp,POR,True,2-pointer,9,70-79,'POR',trails
551,551,551,200110300LAL,9.1,8.4,4th quarter,10:47.0,Shawn Kemp,POR,True,2-pointer,15,72-82,'POR',trails
552,552,552,200110300LAL,12.1,21.5,4th quarter,10:11.0,Steve Kerr,POR,True,2-pointer,20,74-84,'POR',trails
553,553,553,200110300LAL,32.5,30.5,4th quarter,9:33.0,Steve Kerr,POR,False,3-pointer,27,74-86,'POR',trails
554,554,554,200110300LAL,24.0,5.0,4th quarter,8:54.0,Dale Davis,POR,False,2-pointer,0,75-86,'POR',trails
555,555,555,200110300LAL,24.0,5.0,4th quarter,8:52.0,Shawn Kemp,POR,False,2-pointer,0,75-86,'POR',trails
556,556,556,200110300LAL,24.0,5.0,4th quarter,7:55.0,Shawn Kemp,POR,False,2-pointer,0,75-87,'POR',trails
557,557,557,200110300LAL,8.5,15.8,4th quarter,7:19.0,Rasheed Wallace,POR,True,2-pointer,19,77-87,'POR',trails
558,558,558,200110300LAL,23.6,30.9,4th quarter,6:51.0,Scottie Pippen,POR,False,3-pointer,26,77-87,'POR',trails
559,559,559,200110300LAL,24.0,5.0,4th quarter,6:23.0,Rasheed Wallace,POR,True,2-pointer,0,79-89,'POR',trails
560,560,560,200110300LAL,21.3,32.2,4th quarter,5:52.0,Rasheed Wallace,POR,False,3-pointer,27,79-89,'POR',trails
561,561,561,200110300LAL,9.1,12.2,4th quarter,5:15.0,Rasheed Wallace,POR,False,2-pointer,17,79-90,'POR',trails
562,562,562,200110300LAL,24.1,15.8,4th quarter,4:45.0,Damon Stoudamire,POR,True,2-pointer,11,81-91,'POR',trails
563,563,563,200110300LAL,10.6,10.7,4th quarter,3:58.0,Scottie Pippen,POR,True,2-pointer,15,83-93,'POR',trails
564,564,564,200110300LAL,39.9,24.8,4th quarter,2:50.0,Erick Barkley,POR,False,3-pointer,25,84-96,'POR',trails
565,565,565,200110300LAL,35.5,5.4,4th quarter,1:54.0,Rasheed Wallace,POR,False,2-pointer,12,84-96,'POR',trails
566,566,566,200110300LAL,24.0,5.0,4th quarter,1:20.0,Damon Stoudamire,POR,True,2-pointer,0,86-98,'POR',trails
567,567,567,200110300LAL,22.2,9.5,4th quarter,0:27.9,Zach Randolph,POR,False,2-pointer,5,87-98,'POR',trails
568,568,568,200110300LAL,21.3,13.5,1st quarter,11:09.0,Shaquille O'Neal,LAL,True,2-pointer,9,2-0,'POR',leads
569,569,569,200110300LAL,15.6,21.9,1st quarter,10:34.0,Kobe Bryant,LAL,False,2-pointer,19,2-0,'POR',leads
570,570,570,200110300LAL,32.5,17.9,1st quarter,10:06.0,Kobe Bryant,LAL,True,2-pointer,15,4-0,'POR',leads
571,571,571,200110300LAL,24.0,5.0,1st quarter,9:42.0,Kobe Bryant,LAL,True,2-pointer,0,6-0,'POR',leads
572,572,572,200110300LAL,23.6,11.8,1st quarter,8:56.0,Shaquille O'Neal,LAL,True,2-pointer,7,8-2,'POR',leads
573,573,573,200110300LAL,17.7,30.9,1st quarter,8:23.0,Rick Fox,LAL,True,3-pointer,27,11-4,'POR',leads
574,574,574,200110300LAL,27.7,18.5,1st quarter,7:54.0,Kobe Bryant,LAL,False,2-pointer,14,11-4,'POR',leads
575,575,575,200110300LAL,10.6,23.6,1st quarter,7:21.0,Rick Fox,LAL,True,2-pointer,23,13-6,'POR',leads
576,576,576,200110300LAL,24.0,5.0,1st quarter,6:54.0,Shaquille O'Neal,LAL,True,2-pointer,0,15-6,'POR',leads
577,577,577,200110300LAL,31.3,6.5,1st quarter,6:21.0,Kobe Bryant,LAL,False,2-pointer,7,15-6,'POR',leads
578,578,578,200110300LAL,24.0,5.0,1st quarter,6:18.0,Robert Horry,LAL,True,2-pointer,0,17-6,'POR',leads
579,579,579,200110300LAL,43.5,20.8,1st quarter,5:55.0,Lindsey Hunter,LAL,False,3-pointer,25,17-6,'POR',leads
580,580,580,200110300LAL,24.0,5.0,1st quarter,5:50.0,Kobe Bryant,LAL,True,2-pointer,0,19-6,'POR',leads
581,581,581,200110300LAL,0.5,6.5,1st quarter,4:41.0,Rick Fox,LAL,False,3-pointer,24,19-6,'POR',leads
582,582,582,200110300LAL,24.0,5.0,1st quarter,4:19.0,Rick Fox,LAL,True,2-pointer,0,21-6,'POR',leads
583,583,583,200110300LAL,23.6,12.2,1st quarter,3:40.0,Shaquille O'Neal,LAL,False,2-pointer,7,21-8,'POR',leads
584,584,584,200110300LAL,31.9,30.5,1st quarter,2:58.0,Lindsey Hunter,LAL,True,3-pointer,27,24-11,'POR',leads
585,585,585,200110300LAL,24.0,5.0,1st quarter,2:06.0,Shaquille O'Neal,LAL,False,2-pointer,0,24-13,'POR',leads
586,586,586,200110300LAL,24.0,5.0,1st quarter,2:00.0,Shaquille O'Neal,LAL,False,2-pointer,0,24-13,'POR',leads
587,587,587,200110300LAL,12.7,21.9,1st quarter,0:37.9,Kobe Bryant,LAL,True,2-pointer,20,29-20,'POR',leads
588,588,588,200110300LAL,6.4,24.2,1st quarter,0:03.0,Mitch Richmond,LAL,False,3-pointer,26,29-20,'POR',leads
589,589,589,200110300LAL,32.5,14.1,2nd quarter,10:34.0,Stanislav Medvedenko,LAL,False,2-pointer,12,29-23,'POR',leads
590,590,590,200110300LAL,24.0,5.0,2nd quarter,10:21.0,Kobe Bryant,LAL,True,2-pointer,0,31-23,'POR',leads
591,591,591,200110300LAL,9.1,26.5,2nd quarter,9:42.0,Brian Shaw,LAL,False,3-pointer,26,31-23,'POR',leads
592,592,592,200110300LAL,24.0,5.0,2nd quarter,9:10.0,Shaquille O'Neal,LAL,True,2-pointer,0,33-25,'POR',leads
593,593,593,200110300LAL,30.4,6.5,2nd quarter,8:38.0,Shaquille O'Neal,LAL,True,2-pointer,7,35-25,'POR',leads
594,594,594,200110300LAL,24.0,5.0,2nd quarter,8:06.0,Shaquille O'Neal,LAL,False,2-pointer,0,35-25,'POR',leads
595,595,595,200110300LAL,24.0,5.0,2nd quarter,8:04.0,Shaquille O'Neal,LAL,True,2-pointer,0,37-25,'POR',leads
596,596,596,200110300LAL,34.0,4.6,2nd quarter,7:39.0,Stanislav Medvedenko,LAL,True,2-pointer,10,39-25,'POR',leads
597,597,597,200110300LAL,45.0,19.8,2nd quarter,7:15.0,Mitch Richmond,LAL,True,3-pointer,26,42-25,'POR',leads
598,598,598,200110300LAL,14.8,17.9,2nd quarter,6:35.0,Mitch Richmond,LAL,False,2-pointer,16,42-25,'POR',leads
599,599,599,200110300LAL,39.3,14.7,2nd quarter,6:15.0,Stanislav Medvedenko,LAL,False,2-pointer,18,42-27,'POR',leads
600,600,600,200110300LAL,24.0,5.0,2nd quarter,6:01.0,Stanislav Medvedenko,LAL,False,2-pointer,0,42-27,'POR',leads
601,601,601,200110300LAL,24.0,5.0,2nd quarter,5:49.0,Stanislav Medvedenko,LAL,True,2-pointer,0,44-27,'POR',leads
602,602,602,200110300LAL,21.3,8.0,2nd quarter,5:21.0,Shaquille O'Neal,LAL,False,2-pointer,4,44-29,'POR',leads
603,603,603,200110300LAL,24.0,5.0,2nd quarter,4:58.0,Kobe Bryant,LAL,False,2-pointer,0,44-29,'POR',leads
604,604,604,200110300LAL,30.4,6.1,2nd quarter,4:27.0,Robert Horry,LAL,False,2-pointer,6,44-31,'POR',leads
605,605,605,200110300LAL,34.0,15.8,2nd quarter,4:18.0,Kobe Bryant,LAL,False,2-pointer,15,45-31,'POR',leads
606,606,606,200110300LAL,7.8,9.5,2nd quarter,3:22.0,Rick Fox,LAL,True,2-pointer,17,50-33,'POR',leads
607,607,607,200110300LAL,24.1,12.8,2nd quarter,2:27.0,Shaquille O'Neal,LAL,False,2-pointer,8,50-37,'POR',leads
608,608,608,200110300LAL,35.5,28.2,2nd quarter,1:18.0,Lindsey Hunter,LAL,False,3-pointer,26,51-41,'POR',leads
609,609,609,200110300LAL,24.0,5.0,2nd quarter,0:48.0,Kobe Bryant,LAL,True,2-pointer,0,53-44,'POR',leads
610,610,610,200110300LAL,24.0,5.0,2nd quarter,0:04.6,Kobe Bryant,LAL,False,2-pointer,0,53-46,'POR',leads
611,611,611,200110300LAL,23.6,9.5,2nd quarter,0:00.1,Shaquille O'Neal,LAL,True,2-pointer,5,55-46,'POR',leads
612,612,612,200110300LAL,39.9,7.1,3rd quarter,10:58.0,Kobe Bryant,LAL,False,2-pointer,16,55-48,'POR',leads
613,613,613,200110300LAL,24.7,17.9,3rd quarter,10:51.0,Kobe Bryant,LAL,False,2-pointer,13,55-48,'POR',leads
614,614,614,200110300LAL,22.8,11.8,3rd quarter,10:13.0,Shaquille O'Neal,LAL,False,2-pointer,7,55-50,'POR',leads
615,615,615,200110300LAL,24.0,5.0,3rd quarter,10:11.0,Shaquille O'Neal,LAL,True,2-pointer,0,57-50,'POR',leads
616,616,616,200110300LAL,32.5,13.5,3rd quarter,9:52.0,Lindsey Hunter,LAL,True,2-pointer,12,59-50,'POR',leads
617,617,617,200110300LAL,0.5,7.1,3rd quarter,9:19.0,Lindsey Hunter,LAL,True,3-pointer,24,62-50,'POR',leads
618,618,618,200110300LAL,24.0,5.0,3rd quarter,8:53.0,Kobe Bryant,LAL,True,2-pointer,0,64-50,'POR',leads
619,619,619,200110300LAL,24.0,5.0,3rd quarter,7:26.0,Kobe Bryant,LAL,False,2-pointer,0,64-52,'POR',leads
620,620,620,200110300LAL,25.6,12.8,3rd quarter,6:31.0,Shaquille O'Neal,LAL,True,2-pointer,8,66-54,'POR',leads
621,621,621,200110300LAL,-0.2,11.1,3rd quarter,5:56.0,Rick Fox,LAL,False,3-pointer,25,66-54,'POR',leads
622,622,622,200110300LAL,27.0,14.1,3rd quarter,5:21.0,Kobe Bryant,LAL,False,2-pointer,10,66-57,'POR',leads
623,623,623,200110300LAL,24.0,5.0,3rd quarter,4:50.0,Shaquille O'Neal,LAL,False,2-pointer,0,66-59,'POR',leads
624,624,624,200110300LAL,0.5,6.5,3rd quarter,4:13.0,Lindsey Hunter,LAL,False,3-pointer,24,66-60,'POR',leads
625,625,625,200110300LAL,24.0,5.0,3rd quarter,3:11.0,Kobe Bryant,LAL,False,2-pointer,0,67-62,'POR',leads
626,626,626,200110300LAL,24.0,5.0,3rd quarter,1:39.0,Shaquille O'Neal,LAL,False,2-pointer,0,68-66,'POR',leads
627,627,627,200110300LAL,46.2,6.1,3rd quarter,1:20.0,Robert Horry,LAL,True,3-pointer,22,71-66,'POR',leads
628,628,628,200110300LAL,21.3,11.8,3rd quarter,0:55.0,Kobe Bryant,LAL,True,2-pointer,7,73-66,'POR',leads
629,629,629,200110300LAL,24.0,5.0,3rd quarter,0:36.0,Kobe Bryant,LAL,True,2-pointer,0,76-68,'POR',leads
630,630,630,200110300LAL,36.9,26.5,3rd quarter,0:03.6,Kobe Bryant,LAL,True,3-pointer,25,79-68,'POR',leads
631,631,631,200110300LAL,9.9,26.5,4th quarter,11:14.0,Robert Horry,LAL,True,3-pointer,26,82-70,'POR',leads
632,632,632,200110300LAL,7.0,19.8,4th quarter,10:25.0,Robert Horry,LAL,True,2-pointer,23,84-72,'POR',leads
633,633,633,200110300LAL,9.9,7.8,4th quarter,9:53.0,Mitch Richmond,LAL,True,2-pointer,14,86-74,'POR',leads
634,634,634,200110300LAL,33.4,19.1,4th quarter,9:18.0,Brian Shaw,LAL,False,2-pointer,17,86-74,'POR',leads
635,635,635,200110300LAL,7.0,24.8,4th quarter,8:14.0,Robert Horry,LAL,False,3-pointer,26,87-75,'POR',leads
636,636,636,200110300LAL,31.3,30.5,4th quarter,7:36.0,Rick Fox,LAL,False,3-pointer,27,87-75,'POR',leads
637,637,637,200110300LAL,15.6,6.1,4th quarter,7:01.0,Shaquille O'Neal,LAL,False,2-pointer,8,87-77,'POR',leads
638,638,638,200110300LAL,24.0,5.0,4th quarter,6:03.0,Shaquille O'Neal,LAL,False,2-pointer,0,89-79,'POR',leads
639,639,639,200110300LAL,43.5,14.7,4th quarter,5:33.0,Kobe Bryant,LAL,False,2-pointer,22,90-79,'POR',leads
640,640,640,200110300LAL,24.0,5.0,4th quarter,4:29.0,Kobe Bryant,LAL,False,2-pointer,0,91-81,'POR',leads
641,641,641,200110300LAL,24.0,5.0,4th quarter,4:21.0,Lindsey Hunter,LAL,True,2-pointer,0,93-81,'POR',leads
642,642,642,200110300LAL,24.0,5.0,4th quarter,3:34.0,Lindsey Hunter,LAL,False,2-pointer,0,94-83,'POR',leads
643,643,643,200110300LAL,20.7,12.2,4th quarter,3:10.0,Shaquille O'Neal,LAL,False,2-pointer,8,94-84,'POR',leads
644,644,644,200110300LAL,24.0,5.0,4th quarter,3:07.0,Kobe Bryant,LAL,True,2-pointer,0,96-84,'POR',leads
645,645,645,200110300LAL,15.6,6.5,4th quarter,2:10.0,Shaquille O'Neal,LAL,False,2-pointer,9,96-84,'POR',leads
646,646,646,200110300LAL,24.0,5.0,4th quarter,1:30.0,Shaquille O'Neal,LAL,True,2-pointer,0,98-84,'POR',leads
647,647,647,200110300MIN,24.0,5.0,1st quarter,10:39.0,Speedy Claxton,PHI,False,2-pointer,0,1-2,'MIN',trails
648,648,648,200110300MIN,7.0,11.8,1st quarter,9:59.0,Matt Harpring,PHI,False,2-pointer,18,1-4,'MIN',trails
649,649,649,200110300MIN,4.9,5.9,1st quarter,9:24.0,Speedy Claxton,PHI,False,2-pointer,19,3-6,'MIN',trails
650,650,650,200110300MIN,23.6,11.8,1st quarter,9:05.0,Raja Bell,PHI,True,2-pointer,7,5-6,'MIN',trails
651,651,651,200110300MIN,24.0,5.0,1st quarter,8:38.0,Dikembe Mutombo,PHI,True,2-pointer,0,7-6,'MIN',leads
652,652,652,200110300MIN,34.4,7.6,1st quarter,7:40.0,Speedy Claxton,PHI,False,2-pointer,11,7-7,'MIN',tied
653,653,653,200110300MIN,24.0,5.0,1st quarter,7:39.0,Matt Harpring,PHI,False,2-pointer,0,7-7,'MIN',tied
654,654,654,200110300MIN,2.6,17.5,1st quarter,7:28.0,Derrick Coleman,PHI,True,3-pointer,25,10-7,'MIN',leads
655,655,655,200110300MIN,30.0,16.4,1st quarter,6:41.0,Derrick Coleman,PHI,False,2-pointer,13,10-7,'MIN',leads
656,656,656,200110300MIN,7.6,18.5,1st quarter,6:36.0,Speedy Claxton,PHI,False,2-pointer,21,10-7,'MIN',leads
657,657,657,200110300MIN,24.0,5.0,1st quarter,6:34.0,Dikembe Mutombo,PHI,False,2-pointer,0,10-7,'MIN',leads
658,658,658,200110300MIN,24.0,5.0,1st quarter,6:31.0,Matt Harpring,PHI,True,2-pointer,0,12-7,'MIN',leads
659,659,659,200110300MIN,14.4,8.8,1st quarter,5:49.0,Derrick Coleman,PHI,True,2-pointer,10,14-9,'MIN',leads
660,660,660,200110300MIN,24.0,5.0,1st quarter,5:09.0,Dikembe Mutombo,PHI,True,2-pointer,0,17-9,'MIN',leads
661,661,661,200110300MIN,41.6,6.5,1st quarter,4:40.0,Derrick Coleman,PHI,True,2-pointer,18,19-9,'MIN',leads
662,662,662,200110300MIN,5.5,5.0,1st quarter,4:00.0,Derrick Coleman,PHI,False,2-pointer,19,19-11,'MIN',leads
663,663,663,200110300MIN,24.0,5.0,1st quarter,3:51.0,Corie Blount,PHI,False,2-pointer,0,19-11,'MIN',leads
664,664,664,200110300MIN,38.6,13.5,1st quarter,3:47.0,Corie Blount,PHI,True,2-pointer,17,21-11,'MIN',leads
665,665,665,200110300MIN,7.6,11.8,1st quarter,1:56.0,Vonteego Cummings,PHI,False,2-pointer,18,21-15,'MIN',leads
666,666,666,200110300MIN,13.5,17.5,1st quarter,1:04.0,Matt Geiger,PHI,False,2-pointer,16,21-17,'MIN',leads
667,667,667,200110300MIN,3.4,6.5,1st quarter,0:05.5,Matt Harpring,PHI,False,2-pointer,21,21-17,'MIN',leads
668,668,668,200110300MIN,4.0,3.7,1st quarter,0:03.1,Matt Harpring,PHI,True,2-pointer,20,23-17,'MIN',leads
669,669,669,200110300MIN,6.2,5.2,2nd quarter,11:39.0,Matt Harpring,PHI,False,2-pointer,18,23-17,'MIN',leads
670,670,670,200110300MIN,5.5,8.8,2nd quarter,11:33.0,Speedy Claxton,PHI,True,2-pointer,19,25-17,'MIN',leads
671,671,671,200110300MIN,34.4,21.7,2nd quarter,10:29.0,Matt Geiger,PHI,False,2-pointer,20,25-20,'MIN',leads
672,672,672,200110300MIN,41.6,5.2,2nd quarter,9:18.0,Corie Blount,PHI,False,2-pointer,18,25-24,'MIN',leads
673,673,673,200110300MIN,34.4,9.5,2nd quarter,8:46.0,Matt Harpring,PHI,False,2-pointer,11,25-26,'MIN',trails
674,674,674,200110300MIN,38.0,8.2,2nd quarter,8:44.0,Dikembe Mutombo,PHI,False,2-pointer,14,25-26,'MIN',trails
675,675,675,200110300MIN,20.1,10.5,2nd quarter,8:06.0,Raja Bell,PHI,False,2-pointer,7,25-28,'MIN',trails
676,676,676,200110300MIN,34.4,18.1,2nd quarter,7:21.0,Matt Harpring,PHI,False,2-pointer,17,25-30,'MIN',trails
677,677,677,200110300MIN,-0.2,5.2,2nd quarter,6:59.0,Raja Bell,PHI,False,3-pointer,24,25-32,'MIN',trails
678,678,678,200110300MIN,24.0,5.0,2nd quarter,6:52.0,Derrick Coleman,PHI,False,2-pointer,0,25-32,'MIN',trails
679,679,679,200110300MIN,14.4,22.7,2nd quarter,6:14.0,Speedy Claxton,PHI,True,2-pointer,20,27-32,'MIN',trails
680,680,680,200110300MIN,13.5,14.5,2nd quarter,4:04.0,Raja Bell,PHI,False,2-pointer,14,27-36,'MIN',trails
681,681,681,200110300MIN,29.4,21.0,2nd quarter,3:45.0,Matt Harpring,PHI,False,2-pointer,17,27-38,'MIN',trails
682,682,682,200110300MIN,24.0,5.0,2nd quarter,2:03.0,Vonteego Cummings,PHI,False,2-pointer,0,27-40,'MIN',trails
683,683,683,200110300MIN,24.0,5.0,2nd quarter,1:37.0,Matt Harpring,PHI,True,2-pointer,0,30-42,'MIN',trails
684,684,684,200110300MIN,47.3,5.9,2nd quarter,0:16.7,Raja Bell,PHI,True,3-pointer,23,33-44,'MIN',trails
685,685,685,200110300MIN,7.0,29.1,2nd quarter,0:00.3,Raja Bell,PHI,False,3-pointer,29,33-46,'MIN',trails
686,686,686,200110300MIN,17.1,6.9,3rd quarter,11:35.0,Derrick Coleman,PHI,False,2-pointer,7,33-46,'MIN',trails
687,687,687,200110300MIN,47.3,8.8,3rd quarter,11:22.0,Derrick Coleman,PHI,False,3-pointer,24,33-46,'MIN',trails
688,688,688,200110300MIN,24.0,5.0,3rd quarter,11:01.0,Derrick Coleman,PHI,True,2-pointer,0,35-46,'MIN',trails
689,689,689,200110300MIN,30.0,18.1,3rd quarter,9:57.0,Derrick Coleman,PHI,False,2-pointer,14,37-48,'MIN',trails
690,690,690,200110300MIN,24.0,5.0,3rd quarter,9:19.0,Dikembe Mutombo,PHI,True,2-pointer,0,39-50,'MIN',trails
691,691,691,200110300MIN,40.7,9.5,3rd quarter,8:07.0,Dikembe Mutombo,PHI,False,2-pointer,17,39-52,'MIN',trails
692,692,692,200110300MIN,31.5,14.5,3rd quarter,7:43.0,Speedy Claxton,PHI,True,2-pointer,12,41-52,'MIN',trails
693,693,693,200110300MIN,28.5,21.0,3rd quarter,7:10.0,Derrick Coleman,PHI,False,2-pointer,17,41-54,'MIN',trails
694,694,694,200110300MIN,11.4,19.1,3rd quarter,6:32.0,Speedy Claxton,PHI,False,2-pointer,19,42-54,'MIN',trails
695,695,695,200110300MIN,0.5,3.7,3rd quarter,5:47.0,Speedy Claxton,PHI,True,3-pointer,24,45-56,'MIN',trails
696,696,696,200110300MIN,41.6,5.2,3rd quarter,4:33.0,Matt Harpring,PHI,False,2-pointer,18,45-58,'MIN',trails
697,697,697,200110300MIN,47.3,3.7,3rd quarter,3:23.0,Matt Harpring,PHI,True,3-pointer,23,50-62,'MIN',trails
698,698,698,200110300MIN,40.1,2.7,3rd quarter,2:39.0,Derrick Coleman,PHI,False,2-pointer,16,50-62,'MIN',trails
699,699,699,200110300MIN,47.3,4.4,3rd quarter,2:03.0,Matt Harpring,PHI,False,3-pointer,23,50-62,'MIN',trails
700,700,700,200110300MIN,19.2,10.5,3rd quarter,1:34.0,Matt Harpring,PHI,False,2-pointer,7,50-62,'MIN',trails
701,701,701,200110300MIN,24.0,5.0,3rd quarter,1:32.0,Corie Blount,PHI,True,2-pointer,0,52-62,'MIN',trails
702,702,702,200110300MIN,24.0,5.0,3rd quarter,0:26.3,Speedy Claxton,PHI,True,2-pointer,0,54-64,'MIN',trails
703,703,703,200110300MIN,23.6,21.7,3rd quarter,0:00.2,Corie Blount,PHI,True,2-pointer,17,56-64,'MIN',trails
704,704,704,200110300MIN,38.0,21.0,4th quarter,11:24.0,Speedy Claxton,PHI,False,2-pointer,21,56-66,'MIN',trails
705,705,705,200110300MIN,11.4,18.1,4th quarter,10:44.0,Speedy Claxton,PHI,False,2-pointer,18,56-66,'MIN',trails
706,706,706,200110300MIN,0.5,3.3,4th quarter,10:27.0,Derrick Coleman,PHI,False,3-pointer,24,56-66,'MIN',trails
707,707,707,200110300MIN,34.4,9.9,4th quarter,9:24.0,Speedy Claxton,PHI,False,2-pointer,12,56-72,'MIN',trails
708,708,708,200110300MIN,24.0,5.0,4th quarter,9:01.0,Vonteego Cummings,PHI,False,2-pointer,0,56-74,'MIN',trails
709,709,709,200110300MIN,24.0,5.0,4th quarter,8:20.0,Derrick Coleman,PHI,True,2-pointer,0,58-74,'MIN',trails
710,710,710,200110300MIN,19.0,8.8,4th quarter,7:25.0,Derrick Coleman,PHI,False,2-pointer,6,58-74,'MIN',trails
711,711,711,200110300MIN,24.0,5.0,4th quarter,7:24.0,Dikembe Mutombo,PHI,False,2-pointer,0,58-74,'MIN',trails
712,712,712,200110300MIN,24.0,5.0,4th quarter,6:51.0,Dikembe Mutombo,PHI,True,2-pointer,0,60-74,'MIN',trails
713,713,713,200110300MIN,24.0,5.0,4th quarter,3:31.0,Matt Harpring,PHI,False,2-pointer,0,63-77,'MIN',trails
714,714,714,200110300MIN,19.2,9.9,4th quarter,2:31.0,Corie Blount,PHI,True,2-pointer,7,65-77,'MIN',trails
715,715,715,200110300MIN,19.2,9.9,4th quarter,1:42.0,Dikembe Mutombo,PHI,False,2-pointer,7,65-79,'MIN',trails
716,716,716,200110300MIN,22.8,26.1,4th quarter,1:29.0,Speedy Claxton,PHI,True,2-pointer,21,67-79,'MIN',trails
717,717,717,200110300MIN,24.0,5.0,4th quarter,0:42.0,Speedy Claxton,PHI,True,2-pointer,0,71-81,'MIN',trails
718,718,718,200110300MIN,46.6,9.9,4th quarter,0:08.8,Vonteego Cummings,PHI,True,3-pointer,23,74-83,'MIN',trails
719,719,719,200110300MIN,11.4,16.4,1st quarter,11:43.0,Terrell Brandon,MIN,False,2-pointer,17,0-0,'MIN',tied
720,720,720,200110300MIN,6.2,5.0,1st quarter,11:30.0,Joe Smith,MIN,True,2-pointer,18,2-0,'MIN',leads
721,721,721,200110300MIN,9.1,16.8,1st quarter,10:56.0,Terrell Brandon,MIN,False,2-pointer,19,2-1,'MIN',leads
722,722,722,200110300MIN,9.9,15.8,1st quarter,10:22.0,Wally Szczerbiak,MIN,False,2-pointer,18,2-1,'MIN',leads
723,723,723,200110300MIN,24.0,5.0,1st quarter,10:20.0,Joe Smith,MIN,True,2-pointer,0,4-1,'MIN',leads
724,724,724,200110300MIN,33.6,14.5,1st quarter,9:46.0,Kevin Garnett,MIN,True,2-pointer,14,6-3,'MIN',leads
725,725,725,200110300MIN,18.6,10.5,1st quarter,8:50.0,Wally Szczerbiak,MIN,False,2-pointer,8,6-5,'MIN',leads
726,726,726,200110300MIN,22.8,13.5,1st quarter,8:19.0,Rasho Nesterović,MIN,False,2-pointer,9,6-7,'MIN',trails
727,727,727,200110300MIN,6.2,8.2,1st quarter,7:53.0,Rasho Nesterović,MIN,False,2-pointer,18,7-7,'MIN',tied
728,728,728,200110300MIN,42.2,5.0,1st quarter,7:10.0,Rasho Nesterović,MIN,False,2-pointer,18,7-10,'MIN',trails
729,729,729,200110300MIN,35.9,15.1,1st quarter,6:14.0,Kevin Garnett,MIN,False,2-pointer,16,7-12,'MIN',trails
730,730,730,200110300MIN,37.2,19.1,1st quarter,6:11.0,Joe Smith,MIN,True,2-pointer,19,9-12,'MIN',trails
731,731,731,200110300MIN,30.0,12.8,1st quarter,5:35.0,Kevin Garnett,MIN,False,2-pointer,10,9-15,'MIN',trails
732,732,732,200110300MIN,9.1,12.4,1st quarter,5:23.0,Wally Szczerbiak,MIN,False,2-pointer,17,9-15,'MIN',trails
733,733,733,200110300MIN,14.4,27.4,1st quarter,5:01.0,Kevin Garnett,MIN,False,3-pointer,24,9-17,'MIN',trails
734,734,734,200110300MIN,24.0,5.0,1st quarter,4:21.0,Gary Trent,MIN,True,2-pointer,0,11-19,'MIN',trails
735,735,735,200110300MIN,10.6,16.4,1st quarter,3:23.0,Gary Trent,MIN,True,2-pointer,18,13-21,'MIN',trails
736,736,736,200110300MIN,27.7,12.8,1st quarter,2:44.0,Terrell Brandon,MIN,False,2-pointer,9,13-21,'MIN',trails
737,737,737,200110300MIN,25.6,10.5,1st quarter,2:17.0,Kevin Garnett,MIN,True,2-pointer,6,15-21,'MIN',trails
738,738,738,200110300MIN,24.0,5.0,1st quarter,1:51.0,Anthony Peeler,MIN,False,2-pointer,0,15-21,'MIN',trails
739,739,739,200110300MIN,32.3,18.5,1st quarter,1:44.0,Terrell Brandon,MIN,False,2-pointer,16,15-21,'MIN',trails
740,740,740,200110300MIN,7.6,2.7,1st quarter,0:50.0,Anthony Peeler,MIN,False,2-pointer,17,17-21,'MIN',trails
741,741,741,200110300MIN,19.2,12.4,1st quarter,0:32.6,Dean Garrett,MIN,False,2-pointer,9,17-21,'MIN',trails
742,742,742,200110300MIN,11.4,36.0,1st quarter,0:01.0,Chauncey Billups,MIN,False,3-pointer,33,17-23,'MIN',trails
743,743,743,200110300MIN,40.1,24.4,2nd quarter,10:57.0,Chauncey Billups,MIN,True,3-pointer,25,20-25,'MIN',trails
744,744,744,200110300MIN,24.0,5.0,2nd quarter,10:20.0,Wally Szczerbiak,MIN,True,2-pointer,0,22-25,'MIN',trails
745,745,745,200110300MIN,38.6,17.5,2nd quarter,9:44.0,Chauncey Billups,MIN,True,2-pointer,19,24-25,'MIN',trails
746,746,746,200110300MIN,24.0,5.0,2nd quarter,9:09.0,Chauncey Billups,MIN,True,2-pointer,0,26-25,'MIN',leads
747,747,747,200110300MIN,16.5,22.1,2nd quarter,8:29.0,Chauncey Billups,MIN,True,2-pointer,19,28-25,'MIN',leads
748,748,748,200110300MIN,24.0,5.0,2nd quarter,8:00.0,Loren Woods,MIN,True,2-pointer,0,30-25,'MIN',leads
749,749,749,200110300MIN,24.0,5.0,2nd quarter,6:46.0,Kevin Garnett,MIN,False,2-pointer,0,32-25,'MIN',leads
750,750,750,200110300MIN,24.0,5.0,2nd quarter,6:45.0,Anthony Peeler,MIN,False,2-pointer,0,32-25,'MIN',leads
751,751,751,200110300MIN,13.5,20.0,2nd quarter,6:39.0,Wally Szczerbiak,MIN,False,2-pointer,18,32-25,'MIN',leads
752,752,752,200110300MIN,5.5,21.7,2nd quarter,5:47.0,Wally Szczerbiak,MIN,False,3-pointer,25,32-27,'MIN',leads
753,753,753,200110300MIN,9.9,12.4,2nd quarter,5:08.0,Kevin Garnett,MIN,True,2-pointer,16,34-27,'MIN',leads
754,754,754,200110300MIN,39.5,19.1,2nd quarter,4:28.0,Anthony Peeler,MIN,True,2-pointer,21,36-27,'MIN',leads
755,755,755,200110300MIN,24.0,5.0,2nd quarter,3:59.0,Chauncey Billups,MIN,True,2-pointer,0,38-27,'MIN',leads
756,756,756,200110300MIN,27.0,24.4,2nd quarter,3:31.0,Wally Szczerbiak,MIN,False,2-pointer,20,38-27,'MIN',leads
757,757,757,200110300MIN,24.0,5.0,2nd quarter,3:02.0,Anthony Peeler,MIN,True,2-pointer,0,40-27,'MIN',leads
758,758,758,200110300MIN,26.2,11.8,2nd quarter,2:25.0,Terrell Brandon,MIN,False,2-pointer,7,40-27,'MIN',leads
759,759,759,200110300MIN,24.0,5.0,2nd quarter,1:53.0,Kevin Garnett,MIN,True,2-pointer,0,42-28,'MIN',leads
760,760,760,200110300MIN,36.5,27.8,2nd quarter,0:50.6,Anthony Peeler,MIN,False,3-pointer,26,44-30,'MIN',leads
761,761,761,200110300MIN,12.1,11.1,2nd quarter,0:01.4,Terrell Brandon,MIN,True,2-pointer,13,46-33,'MIN',leads
762,762,762,200110300MIN,22.2,9.9,3rd quarter,10:45.0,Joe Smith,MIN,False,2-pointer,5,46-35,'MIN',leads
763,763,763,200110300MIN,6.2,11.8,3rd quarter,10:17.0,Terrell Brandon,MIN,True,2-pointer,19,48-37,'MIN',leads
764,764,764,200110300MIN,40.7,11.1,3rd quarter,9:45.0,Joe Smith,MIN,True,2-pointer,18,50-37,'MIN',leads
765,765,765,200110300MIN,26.2,11.8,3rd quarter,9:03.0,Wally Szczerbiak,MIN,True,2-pointer,7,52-39,'MIN',leads
766,766,766,200110300MIN,29.4,25.0,3rd quarter,8:27.0,Kevin Garnett,MIN,False,2-pointer,21,52-39,'MIN',leads
767,767,767,200110300MIN,12.9,6.9,3rd quarter,7:57.0,Wally Szczerbiak,MIN,False,2-pointer,11,52-39,'MIN',leads
768,768,768,200110300MIN,24.0,5.0,3rd quarter,7:28.0,Joe Smith,MIN,False,2-pointer,0,52-41,'MIN',leads
769,769,769,200110300MIN,24.0,5.0,3rd quarter,7:25.0,Wally Szczerbiak,MIN,True,2-pointer,0,54-41,'MIN',leads
770,770,770,200110300MIN,9.1,18.5,3rd quarter,7:03.0,Terrell Brandon,MIN,False,2-pointer,20,54-41,'MIN',leads
771,771,771,200110300MIN,35.9,17.5,3rd quarter,6:12.0,Terrell Brandon,MIN,True,2-pointer,17,56-42,'MIN',leads
772,772,772,200110300MIN,5.5,5.2,3rd quarter,5:35.0,Joe Smith,MIN,True,2-pointer,19,58-45,'MIN',leads
773,773,773,200110300MIN,30.0,11.1,3rd quarter,4:52.0,Kevin Garnett,MIN,False,2-pointer,9,58-45,'MIN',leads
774,774,774,200110300MIN,40.1,5.2,3rd quarter,4:08.0,Joe Smith,MIN,True,2-pointer,16,60-45,'MIN',leads
775,775,775,200110300MIN,12.1,22.1,3rd quarter,3:42.0,Joe Smith,MIN,True,2-pointer,21,62-47,'MIN',leads
776,776,776,200110300MIN,39.5,12.4,3rd quarter,3:01.0,Joe Smith,MIN,False,2-pointer,17,62-50,'MIN',leads
777,777,777,200110300MIN,24.0,5.0,3rd quarter,2:24.0,Wally Szczerbiak,MIN,False,2-pointer,0,62-50,'MIN',leads
778,778,778,200110300MIN,24.0,5.0,3rd quarter,2:12.0,Terrell Brandon,MIN,False,2-pointer,0,62-50,'MIN',leads
779,779,779,200110300MIN,24.1,24.0,3rd quarter,1:21.0,Loren Woods,MIN,True,2-pointer,19,64-52,'MIN',leads
780,780,780,200110300MIN,23.4,11.6,3rd quarter,0:02.9,Chauncey Billups,MIN,False,2-pointer,7,64-54,'MIN',leads
781,781,781,200110300MIN,12.9,9.9,4th quarter,11:44.0,Kevin Garnett,MIN,True,2-pointer,12,66-56,'MIN',leads
782,782,782,200110300MIN,32.9,22.1,4th quarter,10:58.0,Chauncey Billups,MIN,False,2-pointer,19,66-56,'MIN',leads
783,783,783,200110300MIN,2.6,16.4,4th quarter,10:19.0,Anthony Peeler,MIN,True,3-pointer,24,69-56,'MIN',leads
784,784,784,200110300MIN,24.1,29.1,4th quarter,9:49.0,Chauncey Billups,MIN,True,3-pointer,24,72-56,'MIN',leads
785,785,785,200110300MIN,24.0,5.0,4th quarter,9:17.0,Chauncey Billups,MIN,True,2-pointer,0,74-56,'MIN',leads
786,786,786,200110300MIN,6.2,2.7,4th quarter,8:39.0,Chauncey Billups,MIN,False,2-pointer,18,74-56,'MIN',leads
787,787,787,200110300MIN,20.1,11.8,4th quarter,8:00.0,Gary Trent,MIN,False,2-pointer,8,74-58,'MIN',leads
788,788,788,200110300MIN,15.6,27.8,4th quarter,7:57.0,Anthony Peeler,MIN,False,3-pointer,24,74-58,'MIN',leads
789,789,789,200110300MIN,24.9,23.4,4th quarter,7:07.0,Loren Woods,MIN,False,2-pointer,18,74-58,'MIN',leads
790,790,790,200110300MIN,6.2,9.9,4th quarter,6:28.0,Wally Szczerbiak,MIN,False,2-pointer,18,74-61,'MIN',leads
791,791,791,200110300MIN,37.2,12.4,4th quarter,6:14.0,Loren Woods,MIN,False,2-pointer,15,74-61,'MIN',leads
792,792,792,200110300MIN,27.0,25.7,4th quarter,5:25.0,Anthony Peeler,MIN,False,2-pointer,21,75-61,'MIN',leads
793,793,793,200110300MIN,24.0,5.0,4th quarter,4:56.0,Wally Szczerbiak,MIN,False,2-pointer,0,75-61,'MIN',leads
794,794,794,200110300MIN,6.2,14.5,4th quarter,4:53.0,Kevin Garnett,MIN,False,2-pointer,20,75-61,'MIN',leads
795,795,795,200110300MIN,24.1,24.4,4th quarter,3:50.0,Chauncey Billups,MIN,False,2-pointer,19,77-63,'MIN',leads
796,796,796,200110300MIN,18.6,28.4,4th quarter,3:15.0,Chauncey Billups,MIN,False,3-pointer,24,77-63,'MIN',leads
797,797,797,200110300MIN,18.6,11.8,4th quarter,2:54.0,Joe Smith,MIN,False,2-pointer,9,77-63,'MIN',leads
798,798,798,200110300MIN,21.5,20.4,4th quarter,1:12.0,Chauncey Billups,MIN,True,2-pointer,16,81-67,'MIN',leads
799,799,799,200110300MIN,18.0,9.9,4th quarter,0:23.8,Wally Szczerbiak,MIN,True,2-pointer,8,83-71,'MIN',leads
800,800,800,200110300NJN,24.0,5.0,1st quarter,11:42.0,Jermaine O'Neal,IND,True,2-pointer,0,2-0,'IND',leads
801,801,801,200110300NJN,9.9,12.6,1st quarter,11:14.0,Jalen Rose,IND,True,2-pointer,16,4-0,'IND',leads
802,802,802,200110300NJN,39.9,12.6,1st quarter,10:40.0,Jeff Foster,IND,True,2-pointer,18,6-2,'IND',leads
803,803,803,200110300NJN,28.5,20.0,1st quarter,10:03.0,Jalen Rose,IND,True,2-pointer,16,8-4,'IND',leads
804,804,804,200110300NJN,42.2,15.1,1st quarter,9:32.0,Jalen Rose,IND,True,2-pointer,21,10-4,'IND',leads
805,805,805,200110300NJN,39.9,11.8,1st quarter,8:45.0,Jalen Rose,IND,True,2-pointer,17,12-4,'IND',leads
806,806,806,200110300NJN,10.8,27.6,1st quarter,8:13.0,Reggie Miller,IND,False,3-pointer,26,12-4,'IND',leads
807,807,807,200110300NJN,4.0,21.5,1st quarter,7:48.0,Reggie Miller,IND,False,3-pointer,26,12-4,'IND',leads
808,808,808,200110300NJN,24.0,5.0,1st quarter,7:33.0,Jermaine O'Neal,IND,False,2-pointer,0,12-4,'IND',leads
809,809,809,200110300NJN,24.0,5.0,1st quarter,7:30.0,Reggie Miller,IND,True,2-pointer,0,14-4,'IND',leads
810,810,810,200110300NJN,32.5,10.5,1st quarter,6:53.0,Jermaine O'Neal,IND,False,2-pointer,10,14-4,'IND',leads
811,811,811,200110300NJN,24.0,5.0,1st quarter,6:31.0,Jermaine O'Neal,IND,True,2-pointer,0,16-6,'IND',leads
812,812,812,200110300NJN,35.0,17.9,1st quarter,5:57.0,Jeff Foster,IND,False,2-pointer,17,16-6,'IND',leads
813,813,813,200110300NJN,9.1,15.1,1st quarter,5:21.0,Jalen Rose,IND,True,2-pointer,18,18-8,'IND',leads
814,814,814,200110300NJN,13.9,20.0,1st quarter,4:39.0,Jalen Rose,IND,True,2-pointer,18,20-10,'IND',leads
815,815,815,200110300NJN,24.0,5.0,1st quarter,4:21.0,Jalen Rose,IND,True,2-pointer,0,22-10,'IND',leads
816,816,816,200110300NJN,24.0,5.0,1st quarter,3:49.0,Jermaine O'Neal,IND,True,2-pointer,0,24-10,'IND',leads
817,817,817,200110300NJN,28.5,9.7,1st quarter,1:18.0,Jermaine O'Neal,IND,False,2-pointer,7,25-15,'IND',leads
818,818,818,200110300NJN,31.7,16.6,1st quarter,0:51.9,Jalen Rose,IND,True,2-pointer,14,27-17,'IND',leads
819,819,819,200110300NJN,24.0,5.0,1st quarter,0:35.4,Jermaine O'Neal,IND,False,2-pointer,0,27-17,'IND',leads
820,820,820,200110300NJN,42.2,5.7,1st quarter,0:16.6,Jalen Rose,IND,True,2-pointer,18,31-17,'IND',leads
821,821,821,200110300NJN,30.2,5.0,2nd quarter,11:46.0,Jermaine O'Neal,IND,False,2-pointer,6,31-17,'IND',leads
822,822,822,200110300NJN,24.0,5.0,2nd quarter,11:26.0,Jermaine O'Neal,IND,True,2-pointer,0,33-17,'IND',leads
823,823,823,200110300NJN,13.9,13.9,2nd quarter,10:48.0,Travis Best,IND,True,2-pointer,13,35-19,'IND',leads
824,824,824,200110300NJN,37.6,14.5,2nd quarter,10:17.0,Jalen Rose,IND,True,2-pointer,17,37-21,'IND',leads
825,825,825,200110300NJN,24.0,5.0,2nd quarter,9:35.0,Al Harrington,IND,True,2-pointer,0,39-23,'IND',leads
826,826,826,200110300NJN,7.4,6.9,2nd quarter,9:07.0,Jalen Rose,IND,True,2-pointer,17,41-24,'IND',leads
827,827,827,200110300NJN,10.8,5.7,2nd quarter,8:37.0,Al Harrington,IND,True,2-pointer,13,43-26,'IND',leads
828,828,828,200110300NJN,9.1,4.4,2nd quarter,7:34.0,Jonathan Bender,IND,True,2-pointer,15,45-28,'IND',leads
829,829,829,200110300NJN,26.8,20.0,2nd quarter,7:11.0,Jalen Rose,IND,False,2-pointer,15,45-28,'IND',leads
830,830,830,200110300NJN,9.1,5.7,2nd quarter,5:41.0,Al Harrington,IND,False,2-pointer,15,45-34,'IND',leads
831,831,831,200110300NJN,38.4,4.4,2nd quarter,4:36.0,Austin Croshere,IND,False,2-pointer,14,45-36,'IND',leads
832,832,832,200110300NJN,24.0,5.0,2nd quarter,4:04.0,Jermaine O'Neal,IND,False,2-pointer,0,45-36,'IND',leads
833,833,833,200110300NJN,24.0,5.0,2nd quarter,4:00.0,Jeff Foster,IND,False,2-pointer,0,45-36,'IND',leads
834,834,834,200110300NJN,6.6,4.4,2nd quarter,3:41.0,Jalen Rose,IND,False,2-pointer,17,45-36,'IND',leads
835,835,835,200110300NJN,12.3,19.4,2nd quarter,3:33.0,Jalen Rose,IND,True,2-pointer,19,47-36,'IND',leads
836,836,836,200110300NJN,40.7,5.0,2nd quarter,2:54.0,Jalen Rose,IND,False,2-pointer,17,47-38,'IND',leads
837,837,837,200110300NJN,24.0,5.0,2nd quarter,2:29.0,Jamaal Tinsley,IND,False,2-pointer,0,47-38,'IND',leads
838,838,838,200110300NJN,29.4,9.0,2nd quarter,2:01.0,Austin Croshere,IND,False,2-pointer,7,48-40,'IND',leads
839,839,839,200110300NJN,4.0,10.5,2nd quarter,1:46.0,Reggie Miller,IND,False,2-pointer,21,48-40,'IND',leads
840,840,840,200110300NJN,24.0,5.0,2nd quarter,1:26.0,Jalen Rose,IND,False,2-pointer,0,48-40,'IND',leads
841,841,841,200110300NJN,1.1,6.3,2nd quarter,0:45.0,Reggie Miller,IND,True,3-pointer,23,53-43,'IND',leads
842,842,842,200110300NJN,1.1,5.0,2nd quarter,0:06.9,Reggie Miller,IND,False,3-pointer,23,53-45,'IND',leads
843,843,843,200110300NJN,22.8,32.4,2nd quarter,0:00.2,Reggie Miller,IND,False,3-pointer,27,53-45,'IND',leads
844,844,844,200110300NJN,9.9,9.0,3rd quarter,11:44.0,Reggie Miller,IND,False,2-pointer,15,53-45,'IND',leads
845,845,845,200110300NJN,33.4,26.9,3rd quarter,11:21.0,Reggie Miller,IND,True,3-pointer,24,56-47,'IND',leads
846,846,846,200110300NJN,24.0,5.0,3rd quarter,9:34.0,Jermaine O'Neal,IND,False,2-pointer,0,56-56,'IND',tied
847,847,847,200110300NJN,32.5,26.3,3rd quarter,8:36.0,Jamaal Tinsley,IND,False,2-pointer,23,56-58,'IND',trails
848,848,848,200110300NJN,0.2,4.4,3rd quarter,8:06.0,Jalen Rose,IND,True,3-pointer,24,59-58,'IND',leads
849,849,849,200110300NJN,4.0,20.0,3rd quarter,7:26.0,Jalen Rose,IND,False,3-pointer,25,59-58,'IND',leads
850,850,850,200110300NJN,24.0,5.0,3rd quarter,7:12.0,Jalen Rose,IND,False,2-pointer,0,59-58,'IND',leads
851,851,851,200110300NJN,40.7,14.5,3rd quarter,6:22.0,Austin Croshere,IND,False,2-pointer,19,61-60,'IND',leads
852,852,852,200110300NJN,9.9,15.1,3rd quarter,5:56.0,Reggie Miller,IND,True,2-pointer,17,63-60,'IND',leads
853,853,853,200110300NJN,24.0,5.0,3rd quarter,5:19.0,Travis Best,IND,False,2-pointer,0,63-62,'IND',leads
854,854,854,200110300NJN,24.0,5.0,3rd quarter,5:06.0,Jeff Foster,IND,False,2-pointer,0,63-62,'IND',leads
855,855,855,200110300NJN,1.7,16.0,3rd quarter,4:59.0,Reggie Miller,IND,True,3-pointer,25,66-62,'IND',leads
856,856,856,200110300NJN,24.0,5.0,3rd quarter,3:24.0,Travis Best,IND,True,2-pointer,0,70-65,'IND',leads
857,857,857,200110300NJN,24.0,5.0,3rd quarter,2:37.0,Jalen Rose,IND,False,2-pointer,0,72-65,'IND',leads
858,858,858,200110300NJN,16.5,19.4,3rd quarter,1:42.0,Jalen Rose,IND,False,2-pointer,16,74-65,'IND',leads
859,859,859,200110300NJN,27.7,24.2,3rd quarter,1:18.0,Reggie Miller,IND,True,2-pointer,20,76-65,'IND',leads
860,860,860,200110300NJN,48.1,5.7,3rd quarter,0:36.6,Jalen Rose,IND,True,3-pointer,24,79-66,'IND',leads
861,861,861,200110300NJN,40.7,14.5,3rd quarter,0:01.2,Austin Croshere,IND,False,2-pointer,19,79-68,'IND',leads
862,862,862,200110300NJN,6.6,6.9,4th quarter,11:33.0,Jalen Rose,IND,True,2-pointer,18,81-68,'IND',leads
863,863,863,200110300NJN,35.0,17.2,4th quarter,11:12.0,Jalen Rose,IND,True,2-pointer,16,83-70,'IND',leads
864,864,864,200110300NJN,24.0,5.0,4th quarter,10:50.0,Jalen Rose,IND,False,2-pointer,0,83-73,'IND',leads
865,865,865,200110300NJN,24.0,5.0,4th quarter,10:19.0,Jamaal Tinsley,IND,True,2-pointer,0,85-76,'IND',leads
866,866,866,200110300NJN,41.6,10.5,4th quarter,9:02.0,Jalen Rose,IND,True,2-pointer,18,87-78,'IND',leads
867,867,867,200110300NJN,39.9,5.0,4th quarter,8:21.0,Jermaine O'Neal,IND,False,2-pointer,16,87-78,'IND',leads
868,868,868,200110300NJN,1.1,5.0,4th quarter,6:37.0,Reggie Miller,IND,False,3-pointer,23,88-84,'IND',leads
869,869,869,200110300NJN,21.3,12.6,4th quarter,6:14.0,Jamaal Tinsley,IND,False,2-pointer,8,88-87,'IND',leads
870,870,870,200110300NJN,35.9,28.4,4th quarter,5:38.0,Travis Best,IND,True,3-pointer,26,91-89,'IND',leads
871,871,871,200110300NJN,8.3,13.9,4th quarter,4:29.0,Jalen Rose,IND,True,2-pointer,18,93-94,'IND',trails
872,872,872,200110300NJN,24.3,7.8,4th quarter,3:08.0,Jermaine O'Neal,IND,False,2-pointer,3,93-97,'IND',trails
873,873,873,200110300NJN,30.2,28.4,4th quarter,3:00.0,Reggie Miller,IND,False,3-pointer,24,93-97,'IND',trails
874,874,874,200110300NJN,8.3,23.6,4th quarter,2:54.0,Travis Best,IND,False,3-pointer,24,93-97,'IND',trails
875,875,875,200110300NJN,18.2,6.3,4th quarter,2:09.0,Jermaine O'Neal,IND,False,2-pointer,6,93-97,'IND',trails
876,876,876,200110300NJN,39.0,9.0,4th quarter,1:28.0,Travis Best,IND,False,2-pointer,16,93-97,'IND',trails
877,877,877,200110300NJN,26.8,9.0,4th quarter,1:10.0,Travis Best,IND,False,2-pointer,5,93-97,'IND',trails
878,878,878,200110300NJN,7.4,24.2,4th quarter,0:27.1,Reggie Miller,IND,False,3-pointer,25,95-99,'IND',trails
879,879,879,200110300NJN,5.7,4.4,4th quarter,0:10.2,Travis Best,IND,False,2-pointer,18,95-101,'IND',trails
880,880,880,200110300NJN,24.0,5.0,4th quarter,0:03.2,Jamaal Tinsley,IND,True,2-pointer,0,97-103,'IND',trails
881,881,881,200110300NJN,34.2,20.8,1st quarter,11:48.0,Kerry Kittles,NJN,False,2-pointer,19,0-0,'IND',tied
882,882,882,200110300NJN,19.0,9.0,1st quarter,11:23.0,Keith Van,NJN,False,2-pointer,6,0-2,'IND',trails
883,883,883,200110300NJN,24.0,5.0,1st quarter,11:20.0,Todd MacCulloch,NJN,False,2-pointer,0,0-2,'IND',trails
884,884,884,200110300NJN,16.5,9.0,1st quarter,11:01.0,Todd MacCulloch,NJN,True,2-pointer,9,2-4,'IND',trails
885,885,885,200110300NJN,26.8,20.8,1st quarter,10:25.0,Kenyon Martin,NJN,True,2-pointer,16,4-6,'IND',trails
886,886,886,200110300NJN,24.0,5.0,1st quarter,9:52.0,Todd MacCulloch,NJN,False,2-pointer,0,4-8,'IND',trails
887,887,887,200110300NJN,24.0,5.0,1st quarter,9:50.0,Todd MacCulloch,NJN,False,2-pointer,0,4-8,'IND',trails
888,888,888,200110300NJN,35.9,5.7,1st quarter,9:39.0,Todd MacCulloch,NJN,False,2-pointer,12,4-8,'IND',trails
889,889,889,200110300NJN,15.6,5.0,1st quarter,9:05.0,Todd MacCulloch,NJN,False,2-pointer,8,4-10,'IND',trails
890,890,890,200110300NJN,2.6,13.9,1st quarter,8:53.0,Kerry Kittles,NJN,False,2-pointer,23,4-10,'IND',trails
891,891,891,200110300NJN,31.0,22.1,1st quarter,8:26.0,Kenyon Martin,NJN,False,2-pointer,18,4-12,'IND',trails
892,892,892,200110300NJN,29.4,10.5,1st quarter,7:55.0,Keith Van,NJN,False,2-pointer,8,4-12,'IND',trails
893,893,893,200110300NJN,24.0,5.0,1st quarter,7:40.0,Kerry Kittles,NJN,False,2-pointer,0,4-12,'IND',trails
894,894,894,200110300NJN,8.3,19.4,1st quarter,7:15.0,Keith Van,NJN,False,2-pointer,21,4-14,'IND',trails
895,895,895,200110300NJN,24.0,5.0,1st quarter,5:52.0,Keith Van,NJN,True,2-pointer,0,8-16,'IND',trails
896,896,896,200110300NJN,33.4,21.5,1st quarter,5:06.0,Keith Van,NJN,True,2-pointer,19,10-18,'IND',trails
897,897,897,200110300NJN,18.2,9.0,1st quarter,3:33.0,Aaron Williams,NJN,False,2-pointer,7,10-24,'IND',trails
898,898,898,200110300NJN,24.0,5.0,1st quarter,3:30.0,Kerry Kittles,NJN,False,2-pointer,0,10-24,'IND',trails
899,899,899,200110300NJN,27.7,19.4,1st quarter,2:38.0,Aaron Williams,NJN,False,2-pointer,15,11-24,'IND',trails
900,900,900,200110300NJN,27.7,23.6,1st quarter,2:05.0,Jason Kidd,NJN,True,2-pointer,19,13-25,'IND',trails
901,901,901,200110300NJN,29.4,7.8,1st quarter,1:38.0,Aaron Williams,NJN,True,2-pointer,6,15-25,'IND',trails
902,902,902,200110300NJN,40.7,18.7,1st quarter,1:09.0,Richard Jefferson,NJN,True,2-pointer,22,17-25,'IND',trails
903,903,903,200110300NJN,1.7,4.4,1st quarter,0:40.9,Kenyon Martin,NJN,False,3-pointer,22,17-27,'IND',trails
904,904,904,200110300NJN,24.0,5.0,1st quarter,0:25.0,Lucious Harris,NJN,False,2-pointer,0,17-29,'IND',trails
905,905,905,200110300NJN,0.2,11.8,1st quarter,0:03.8,Jason Kidd,NJN,False,3-pointer,25,17-31,'IND',trails
906,906,906,200110300NJN,4.0,16.6,2nd quarter,11:37.0,Keith Van,NJN,False,2-pointer,23,17-31,'IND',trails
907,907,907,200110300NJN,32.5,14.5,2nd quarter,11:34.0,Lucious Harris,NJN,False,2-pointer,13,17-31,'IND',trails
908,908,908,200110300NJN,24.0,5.0,2nd quarter,11:29.0,Richard Jefferson,NJN,False,2-pointer,0,17-31,'IND',trails
909,909,909,200110300NJN,14.8,4.4,2nd quarter,11:01.0,Aaron Williams,NJN,True,2-pointer,9,19-33,'IND',trails
910,910,910,200110300NJN,24.0,5.0,2nd quarter,10:34.0,Richard Jefferson,NJN,False,2-pointer,0,19-35,'IND',trails
911,911,911,200110300NJN,24.0,5.0,2nd quarter,10:31.0,Richard Jefferson,NJN,True,2-pointer,0,21-35,'IND',trails
912,912,912,200110300NJN,25.1,18.7,2nd quarter,9:58.0,Keith Van,NJN,True,2-pointer,14,23-37,'IND',trails
913,913,913,200110300NJN,24.0,5.0,2nd quarter,8:52.0,Lucious Harris,NJN,True,2-pointer,0,26-41,'IND',trails
914,914,914,200110300NJN,24.0,5.0,2nd quarter,8:23.0,Aaron Williams,NJN,True,2-pointer,0,28-43,'IND',trails
915,915,915,200110300NJN,20.5,13.2,2nd quarter,7:47.0,Kenyon Martin,NJN,False,2-pointer,9,28-43,'IND',trails
916,916,916,200110300NJN,47.3,4.4,2nd quarter,7:21.0,Keith Van,NJN,False,3-pointer,23,28-45,'IND',trails
917,917,917,200110300NJN,9.1,20.8,2nd quarter,6:51.0,Kenyon Martin,NJN,False,2-pointer,22,28-45,'IND',trails
918,918,918,200110300NJN,2.6,16.6,2nd quarter,6:19.0,Kerry Kittles,NJN,True,3-pointer,24,31-45,'IND',trails
919,919,919,200110300NJN,5.7,5.0,2nd quarter,5:56.0,Kerry Kittles,NJN,True,2-pointer,18,34-45,'IND',trails
920,920,920,200110300NJN,14.8,17.2,2nd quarter,5:20.0,Jason Kidd,NJN,False,2-pointer,15,34-45,'IND',trails
921,921,921,200110300NJN,34.2,26.9,2nd quarter,3:54.0,Kerry Kittles,NJN,False,3-pointer,24,36-45,'IND',trails
922,922,922,200110300NJN,23.6,10.5,2nd quarter,3:12.0,Kenyon Martin,NJN,True,2-pointer,6,38-47,'IND',trails
923,923,923,200110300NJN,24.0,5.0,2nd quarter,2:23.0,Jason Kidd,NJN,False,2-pointer,0,38-47,'IND',trails
924,924,924,200110300NJN,24.0,5.0,2nd quarter,2:21.0,Keith Van,NJN,False,2-pointer,0,38-47,'IND',trails
925,925,925,200110300NJN,43.1,5.0,2nd quarter,2:15.0,Kenyon Martin,NJN,False,2-pointer,19,38-48,'IND',trails
926,926,926,200110300NJN,24.0,5.0,2nd quarter,2:11.0,Todd MacCulloch,NJN,False,2-pointer,0,38-48,'IND',trails
927,927,927,200110300NJN,24.0,5.0,2nd quarter,2:09.0,Keith Van,NJN,True,2-pointer,0,40-48,'IND',trails
928,928,928,200110300NJN,24.0,5.0,2nd quarter,1:39.0,Jason Kidd,NJN,False,2-pointer,0,40-48,'IND',trails
929,929,929,200110300NJN,1.7,10.5,2nd quarter,0:57.2,Keith Van,NJN,True,3-pointer,23,43-50,'IND',trails
930,930,930,200110300NJN,7.4,11.8,2nd quarter,0:30.7,Kerry Kittles,NJN,True,2-pointer,18,45-53,'IND',trails
931,931,931,200110300NJN,9.9,24.8,3rd quarter,11:36.0,Kerry Kittles,NJN,False,3-pointer,24,45-53,'IND',trails
932,932,932,200110300NJN,15.6,19.4,3rd quarter,10:57.0,Kerry Kittles,NJN,True,2-pointer,17,49-56,'IND',trails
933,933,933,200110300NJN,24.0,5.0,3rd quarter,10:42.0,Kenyon Martin,NJN,True,2-pointer,0,51-56,'IND',trails
934,934,934,200110300NJN,43.1,20.8,3rd quarter,10:01.0,Kerry Kittles,NJN,True,3-pointer,25,54-56,'IND',trails
935,935,935,200110300NJN,24.0,5.0,3rd quarter,9:28.0,Keith Van,NJN,True,2-pointer,0,58-56,'IND',leads
936,936,936,200110300NJN,34.2,19.4,3rd quarter,9:00.0,Kenyon Martin,NJN,False,2-pointer,18,58-56,'IND',leads
937,937,937,200110300NJN,24.0,5.0,3rd quarter,8:21.0,Jason Kidd,NJN,False,2-pointer,0,58-56,'IND',leads
938,938,938,200110300NJN,37.6,13.9,3rd quarter,7:45.0,Kenyon Martin,NJN,False,2-pointer,16,58-59,'IND',trails
939,939,939,200110300NJN,7.4,22.7,3rd quarter,7:42.0,Kerry Kittles,NJN,False,3-pointer,24,58-59,'IND',trails
940,940,940,200110300NJN,24.0,5.0,3rd quarter,6:51.0,Todd MacCulloch,NJN,False,2-pointer,0,58-61,'IND',trails
941,941,941,200110300NJN,24.0,5.0,3rd quarter,6:45.0,Kerry Kittles,NJN,True,2-pointer,0,60-61,'IND',trails
942,942,942,200110300NJN,0.2,5.0,3rd quarter,6:12.0,Keith Van,NJN,False,3-pointer,24,60-61,'IND',trails
943,943,943,200110300NJN,37.6,16.6,3rd quarter,5:39.0,Jason Kidd,NJN,True,2-pointer,18,62-63,'IND',trails
944,944,944,200110300NJN,24.0,5.0,3rd quarter,5:15.0,Kerry Kittles,NJN,False,2-pointer,0,62-63,'IND',trails
945,945,945,200110300NJN,29.4,9.0,3rd quarter,4:41.0,Jason Kidd,NJN,False,2-pointer,7,62-66,'IND',trails
946,946,946,200110300NJN,24.0,5.0,3rd quarter,4:27.0,Jason Kidd,NJN,False,2-pointer,0,63-66,'IND',trails
947,947,947,200110300NJN,24.0,5.0,3rd quarter,4:25.0,Todd MacCulloch,NJN,True,2-pointer,0,65-66,'IND',trails
948,948,948,200110300NJN,39.0,26.9,3rd quarter,4:00.0,Lucious Harris,NJN,False,3-pointer,27,65-68,'IND',trails
949,949,949,200110300NJN,34.2,4.4,3rd quarter,3:38.0,Richard Jefferson,NJN,False,2-pointer,10,65-68,'IND',trails
950,950,950,200110300NJN,37.6,22.1,3rd quarter,2:46.0,Richard Jefferson,NJN,False,2-pointer,22,65-72,'IND',trails
951,951,951,200110300NJN,35.0,26.3,3rd quarter,1:57.0,Jason Kidd,NJN,False,3-pointer,24,65-74,'IND',trails
952,952,952,200110300NJN,24.0,5.0,3rd quarter,1:54.0,Aaron Williams,NJN,False,2-pointer,0,65-74,'IND',trails
953,953,953,200110300NJN,6.6,5.0,3rd quarter,0:57.9,Kenyon Martin,NJN,False,2-pointer,17,65-76,'IND',trails
954,954,954,200110300NJN,19.0,20.0,3rd quarter,0:25.3,Lucious Harris,NJN,True,2-pointer,16,68-79,'IND',trails
955,955,955,200110300NJN,24.0,5.0,4th quarter,11:25.0,Richard Jefferson,NJN,True,2-pointer,0,70-81,'IND',trails
956,956,956,200110300NJN,-0.6,5.0,4th quarter,10:57.0,Keith Van,NJN,True,3-pointer,25,73-83,'IND',trails
957,957,957,200110300NJN,9.9,24.2,4th quarter,10:43.0,Keith Van,NJN,True,3-pointer,24,76-83,'IND',trails
958,958,958,200110300NJN,24.0,5.0,4th quarter,9:43.0,Lucious Harris,NJN,True,2-pointer,0,78-85,'IND',trails
959,959,959,200110300NJN,39.9,4.4,4th quarter,9:21.0,Derrick Dial,NJN,False,2-pointer,16,78-85,'IND',trails
960,960,960,200110300NJN,30.2,17.2,4th quarter,8:44.0,Keith Van,NJN,False,2-pointer,14,78-87,'IND',trails
961,961,961,200110300NJN,26.0,23.6,4th quarter,8:36.0,Lucious Harris,NJN,False,2-pointer,19,78-87,'IND',trails
962,962,962,200110300NJN,29.4,5.0,4th quarter,8:08.0,Keith Van,NJN,False,2-pointer,5,78-87,'IND',trails
963,963,963,200110300NJN,24.0,5.0,4th quarter,8:06.0,Derrick Dial,NJN,False,2-pointer,0,78-87,'IND',trails
964,964,964,200110300NJN,24.0,5.0,4th quarter,7:43.0,Richard Jefferson,NJN,True,2-pointer,0,82-87,'IND',trails
965,965,965,200110300NJN,24.0,5.0,4th quarter,6:28.0,Aaron Williams,NJN,False,2-pointer,0,84-88,'IND',trails
966,966,966,200110300NJN,24.0,5.0,4th quarter,6:26.0,Richard Jefferson,NJN,True,2-pointer,0,86-88,'IND',trails
967,967,967,200110300NJN,38.4,13.9,4th quarter,5:58.0,Kerry Kittles,NJN,True,2-pointer,17,89-88,'IND',leads
968,968,968,200110300NJN,47.3,10.5,4th quarter,5:21.0,Keith Van,NJN,True,3-pointer,24,92-91,'IND',leads
969,969,969,200110300NJN,23.6,29.1,4th quarter,4:46.0,Keith Van,NJN,False,3-pointer,24,92-91,'IND',leads
970,970,970,200110300NJN,24.0,5.0,4th quarter,4:43.0,Kerry Kittles,NJN,True,2-pointer,0,94-91,'IND',leads
971,971,971,200110300NJN,24.0,5.0,4th quarter,3:35.0,Keith Van,NJN,True,2-pointer,0,97-93,'IND',leads
972,972,972,200110300NJN,22.8,9.7,4th quarter,2:34.0,Aaron Williams,NJN,False,2-pointer,5,97-93,'IND',leads
973,973,973,200110300NJN,38.4,21.5,4th quarter,2:30.0,Keith Van,NJN,False,2-pointer,22,97-93,'IND',leads
974,974,974,200110300NJN,10.8,22.1,4th quarter,1:43.0,Kerry Kittles,NJN,False,2-pointer,22,97-93,'IND',leads
975,975,975,200110300NJN,40.7,10.5,4th quarter,0:34.8,Jason Kidd,NJN,True,2-pointer,18,99-95,'IND',leads
976,976,976,200110300NYK,20.1,20.4,1st quarter,11:46.0,Christian Laettner,WAS,False,2-pointer,16,0-0,'NYK',tied
977,977,977,200110300NYK,24.0,5.0,1st quarter,11:21.0,Jahidi White,WAS,False,2-pointer,0,0-1,'NYK',trails
978,978,978,200110300NYK,24.0,5.0,1st quarter,11:08.0,Courtney Alexander,WAS,True,2-pointer,0,2-1,'NYK',leads
979,979,979,200110300NYK,38.8,8.4,1st quarter,10:45.0,Michael Jordan,WAS,False,2-pointer,15,2-1,'NYK',leads
980,980,980,200110300NYK,24.0,5.0,1st quarter,10:28.0,Michael Jordan,WAS,True,2-pointer,0,4-1,'NYK',leads
981,981,981,200110300NYK,37.2,2.9,1st quarter,9:32.0,Richard Hamilton,WAS,True,2-pointer,13,6-5,'NYK',leads
982,982,982,200110300NYK,35.5,13.5,1st quarter,9:10.0,Michael Jordan,WAS,False,2-pointer,14,6-5,'NYK',leads
983,983,983,200110300NYK,16.9,9.2,1st quarter,8:41.0,Courtney Alexander,WAS,False,2-pointer,8,6-5,'NYK',leads
984,984,984,200110300NYK,24.0,5.0,1st quarter,8:30.0,Michael Jordan,WAS,False,2-pointer,0,6-5,'NYK',leads
985,985,985,200110300NYK,24.0,5.0,1st quarter,8:13.0,Richard Hamilton,WAS,False,2-pointer,0,6-5,'NYK',leads
986,986,986,200110300NYK,11.8,21.3,1st quarter,7:47.0,Richard Hamilton,WAS,True,2-pointer,20,8-7,'NYK',leads
987,987,987,200110300NYK,9.3,21.9,1st quarter,7:15.0,Michael Jordan,WAS,True,2-pointer,22,10-7,'NYK',leads
988,988,988,200110300NYK,24.1,17.0,1st quarter,6:40.0,Michael Jordan,WAS,True,2-pointer,12,12-9,'NYK',leads
989,989,989,200110300NYK,30.6,18.3,1st quarter,5:33.0,Richard Hamilton,WAS,False,2-pointer,15,14-9,'NYK',leads
990,990,990,200110300NYK,4.5,16.2,1st quarter,4:57.0,Courtney Alexander,WAS,False,2-pointer,22,14-11,'NYK',leads
991,991,991,200110300NYK,43.1,5.0,1st quarter,4:45.0,Courtney Alexander,WAS,False,2-pointer,19,14-11,'NYK',leads
992,992,992,200110300NYK,7.8,19.8,1st quarter,4:13.0,Michael Jordan,WAS,False,2-pointer,22,14-14,'NYK',tied
993,993,993,200110300NYK,36.3,3.7,1st quarter,3:37.0,Christian Laettner,WAS,False,2-pointer,12,14-14,'NYK',tied
994,994,994,200110300NYK,5.3,23.4,1st quarter,3:13.0,Michael Jordan,WAS,False,3-pointer,26,14-14,'NYK',tied
995,995,995,200110300NYK,24.1,12.6,1st quarter,2:48.0,Christian Laettner,WAS,False,2-pointer,8,14-14,'NYK',tied
996,996,996,200110300NYK,41.4,9.2,1st quarter,2:19.0,Popeye Jones,WAS,True,2-pointer,18,16-16,'NYK',tied
997,997,997,200110300NYK,45.4,17.0,1st quarter,1:51.0,Richard Hamilton,WAS,True,3-pointer,25,19-16,'NYK',leads
998,998,998,200110300NYK,24.0,5.0,1st quarter,1:14.0,Christian Laettner,WAS,True,2-pointer,0,21-16,'NYK',leads
999,999,999,200110300NYK,11.8,14.1,1st quarter,0:38.4,Richard Hamilton,WAS,False,2-pointer,15,21-18,'NYK',leads
1000,1000,1000,200110300NYK,40.5,14.1,2nd quarter,10:55.0,Chris Whitney,WAS,True,2-pointer,19,23-21,'NYK',leads
1001,1001,1001,200110300NYK,43.7,14.1,2nd quarter,10:24.0,Chris Whitney,WAS,True,2-pointer,22,25-22,'NYK',leads
1002,1002,1002,200110300NYK,38.0,5.0,2nd quarter,9:52.0,Michael Jordan,WAS,True,2-pointer,14,27-22,'NYK',leads
1003,1003,1003,200110300NYK,18.6,8.6,2nd quarter,9:21.0,Michael Jordan,WAS,False,2-pointer,6,27-22,'NYK',leads
1004,1004,1004,200110300NYK,46.2,13.5,2nd quarter,9:02.0,Chris Whitney,WAS,True,3-pointer,24,30-22,'NYK',leads
1005,1005,1005,200110300NYK,24.0,5.0,2nd quarter,8:39.0,Tyrone Nesby,WAS,True,2-pointer,0,32-22,'NYK',leads
1006,1006,1006,200110300NYK,24.0,5.0,2nd quarter,8:09.0,Popeye Jones,WAS,False,2-pointer,0,32-22,'NYK',leads
1007,1007,1007,200110300NYK,8.7,5.7,2nd quarter,7:46.0,Chris Whitney,WAS,False,2-pointer,15,32-22,'NYK',leads
1008,1008,1008,200110300NYK,13.5,9.2,2nd quarter,7:18.0,Michael Jordan,WAS,False,2-pointer,11,33-24,'NYK',leads
1009,1009,1009,200110300NYK,24.0,5.0,2nd quarter,6:53.0,Popeye Jones,WAS,True,2-pointer,0,35-24,'NYK',leads
1010,1010,1010,200110300NYK,24.0,5.0,2nd quarter,6:07.0,Kwame Brown,WAS,False,2-pointer,0,35-26,'NYK',leads
1011,1011,1011,200110300NYK,39.7,17.0,2nd quarter,5:44.0,Tyrone Nesby,WAS,False,2-pointer,20,35-26,'NYK',leads
1012,1012,1012,200110300NYK,24.0,5.0,2nd quarter,5:16.0,Popeye Jones,WAS,True,2-pointer,0,37-28,'NYK',leads
1013,1013,1013,200110300NYK,10.2,15.6,2nd quarter,4:26.0,Michael Jordan,WAS,True,2-pointer,17,39-28,'NYK',leads
1014,1014,1014,200110300NYK,32.3,21.3,2nd quarter,3:57.0,Michael Jordan,WAS,False,2-pointer,18,39-28,'NYK',leads
1015,1015,1015,200110300NYK,14.4,9.2,2nd quarter,3:14.0,Christian Laettner,WAS,False,2-pointer,10,39-30,'NYK',leads
1016,1016,1016,200110300NYK,12.7,10.5,2nd quarter,2:32.0,Courtney Alexander,WAS,True,2-pointer,13,41-32,'NYK',leads
1017,1017,1017,200110300NYK,6.2,5.0,2nd quarter,1:54.0,Tyrone Nesby,WAS,True,2-pointer,18,43-35,'NYK',leads
1018,1018,1018,200110300NYK,12.7,12.0,2nd quarter,1:28.0,Tyrone Nesby,WAS,False,2-pointer,13,43-37,'NYK',leads
1019,1019,1019,200110300NYK,41.4,12.6,2nd quarter,0:54.8,Christian Laettner,WAS,False,2-pointer,19,43-39,'NYK',leads
1020,1020,1020,200110300NYK,24.0,5.0,3rd quarter,11:22.0,Christian Laettner,WAS,False,2-pointer,0,43-43,'NYK',tied
1021,1021,1021,200110300NYK,28.9,15.4,3rd quarter,11:17.0,Courtney Alexander,WAS,False,2-pointer,12,43-43,'NYK',tied
1022,1022,1022,200110300NYK,18.4,12.0,3rd quarter,10:24.0,Richard Hamilton,WAS,True,2-pointer,9,45-45,'NYK',tied
1023,1023,1023,200110300NYK,11.0,20.4,3rd quarter,9:49.0,Christian Laettner,WAS,True,2-pointer,20,47-47,'NYK',tied
1024,1024,1024,200110300NYK,24.0,5.0,3rd quarter,9:03.0,Courtney Alexander,WAS,True,2-pointer,0,49-50,'NYK',trails
1025,1025,1025,200110300NYK,10.2,20.4,3rd quarter,7:59.0,Michael Jordan,WAS,False,2-pointer,21,49-55,'NYK',trails
1026,1026,1026,200110300NYK,38.0,21.3,3rd quarter,6:25.0,Richard Hamilton,WAS,False,2-pointer,21,52-55,'NYK',trails
1027,1027,1027,200110300NYK,7.8,23.4,3rd quarter,6:16.0,Michael Jordan,WAS,False,3-pointer,25,52-55,'NYK',trails
1028,1028,1028,200110300NYK,8.7,13.5,3rd quarter,6:05.0,Richard Hamilton,WAS,False,2-pointer,18,52-55,'NYK',trails
1029,1029,1029,200110300NYK,42.2,12.0,3rd quarter,5:05.0,Courtney Alexander,WAS,False,2-pointer,20,54-57,'NYK',trails
1030,1030,1030,200110300NYK,9.3,3.7,3rd quarter,5:01.0,Christian Laettner,WAS,False,2-pointer,15,54-57,'NYK',trails
1031,1031,1031,200110300NYK,24.0,5.0,3rd quarter,4:30.0,Christian Laettner,WAS,False,2-pointer,0,54-59,'NYK',trails
1032,1032,1032,200110300NYK,8.7,3.7,3rd quarter,3:52.0,Popeye Jones,WAS,False,2-pointer,15,54-62,'NYK',trails
1033,1033,1033,200110300NYK,10.2,28.2,3rd quarter,3:14.0,Chris Whitney,WAS,True,3-pointer,27,57-64,'NYK',trails
1034,1034,1034,200110300NYK,47.1,2.9,3rd quarter,0:52.9,Tyrone Nesby,WAS,False,3-pointer,23,61-67,'NYK',trails
1035,1035,1035,200110300NYK,42.2,22.5,3rd quarter,0:42.9,Chris Whitney,WAS,False,3-pointer,25,61-67,'NYK',trails
1036,1036,1036,200110300NYK,24.0,5.0,4th quarter,11:46.0,Popeye Jones,WAS,True,2-pointer,0,63-67,'NYK',trails
1037,1037,1037,200110300NYK,24.0,5.0,4th quarter,11:23.0,Richard Hamilton,WAS,True,2-pointer,0,65-67,'NYK',trails
1038,1038,1038,200110300NYK,3.6,8.4,4th quarter,10:53.0,Tyrone Nesby,WAS,False,2-pointer,21,65-67,'NYK',trails
1039,1039,1039,200110300NYK,24.0,5.0,4th quarter,10:48.0,Christian Laettner,WAS,True,2-pointer,0,67-67,'NYK',tied
1040,1040,1040,200110300NYK,24.0,5.0,4th quarter,10:08.0,Popeye Jones,WAS,False,2-pointer,0,67-67,'NYK',tied
1041,1041,1041,200110300NYK,24.0,5.0,4th quarter,10:06.0,Popeye Jones,WAS,True,2-pointer,0,69-67,'NYK',leads
1042,1042,1042,200110300NYK,18.4,11.3,4th quarter,9:15.0,Popeye Jones,WAS,True,2-pointer,8,71-69,'NYK',leads
1043,1043,1043,200110300NYK,42.2,12.0,4th quarter,8:33.0,Michael Jordan,WAS,True,2-pointer,20,73-70,'NYK',leads
1044,1044,1044,200110300NYK,6.2,23.4,4th quarter,7:53.0,Chris Whitney,WAS,True,3-pointer,26,76-73,'NYK',leads
1045,1045,1045,200110300NYK,24.0,5.0,4th quarter,7:09.0,Kwame Brown,WAS,True,2-pointer,0,78-73,'NYK',leads
1046,1046,1046,200110300NYK,20.1,21.3,4th quarter,6:20.0,Popeye Jones,WAS,False,2-pointer,17,79-75,'NYK',leads
1047,1047,1047,200110300NYK,25.8,12.0,4th quarter,5:25.0,Michael Jordan,WAS,False,2-pointer,7,79-77,'NYK',leads
1048,1048,1048,200110300NYK,9.3,23.4,4th quarter,4:42.0,Chris Whitney,WAS,True,2-pointer,24,81-79,'NYK',leads
1049,1049,1049,200110300NYK,38.8,8.4,4th quarter,4:05.0,Tyrone Nesby,WAS,True,2-pointer,15,83-82,'NYK',leads
1050,1050,1050,200110300NYK,35.5,12.0,4th quarter,3:25.0,Michael Jordan,WAS,False,2-pointer,13,83-84,'NYK',trails
1051,1051,1051,200110300NYK,1.1,14.1,4th quarter,2:33.0,Tyrone Nesby,WAS,True,3-pointer,25,86-87,'NYK',trails
1052,1052,1052,200110300NYK,11.8,11.3,4th quarter,1:38.0,Michael Jordan,WAS,True,2-pointer,14,88-89,'NYK',trails
1053,1053,1053,200110300NYK,26.4,24.8,4th quarter,1:11.0,Michael Jordan,WAS,False,2-pointer,20,88-89,'NYK',trails
1054,1054,1054,200110300NYK,46.2,15.6,4th quarter,0:18.0,Michael Jordan,WAS,False,3-pointer,25,88-91,'NYK',trails
1055,1055,1055,200110300NYK,16.9,30.9,4th quarter,0:13.4,Chris Whitney,WAS,False,3-pointer,27,88-93,'NYK',trails
1056,1056,1056,200110300NYK,3.6,21.3,4th quarter,0:01.3,Chris Whitney,WAS,True,3-pointer,26,91-93,'NYK',trails
1057,1057,1057,200110300NYK,24.0,5.0,1st quarter,11:12.0,Latrell Sprewell,NYK,False,2-pointer,0,1-0,'NYK',leads
1058,1058,1058,200110300NYK,39.7,4.4,1st quarter,10:07.0,Kurt Thomas,NYK,True,2-pointer,16,3-4,'NYK',trails
1059,1059,1059,200110300NYK,32.3,10.5,1st quarter,9:51.0,Allan Houston,NYK,True,2-pointer,10,5-4,'NYK',leads
1060,1060,1060,200110300NYK,2.8,18.3,1st quarter,8:58.0,Latrell Sprewell,NYK,False,3-pointer,25,5-6,'NYK',trails
1061,1061,1061,200110300NYK,8.7,22.9,1st quarter,8:22.0,Allan Houston,NYK,False,2-pointer,24,5-6,'NYK',trails
1062,1062,1062,200110300NYK,27.2,26.1,1st quarter,8:05.0,Allan Houston,NYK,True,2-pointer,21,7-6,'NYK',leads
1063,1063,1063,200110300NYK,39.7,24.8,1st quarter,7:26.0,Mark Jackson,NYK,False,3-pointer,25,7-8,'NYK',trails
1064,1064,1064,200110300NYK,14.4,3.7,1st quarter,6:56.0,Allan Houston,NYK,True,2-pointer,10,9-10,'NYK',trails
1065,1065,1065,200110300NYK,7.8,6.3,1st quarter,6:20.0,Allan Houston,NYK,False,2-pointer,16,9-12,'NYK',trails
1066,1066,1066,200110300NYK,37.2,18.3,1st quarter,5:47.0,Kurt Thomas,NYK,False,2-pointer,19,9-14,'NYK',trails
1067,1067,1067,200110300NYK,24.0,5.0,1st quarter,5:22.0,Kurt Thomas,NYK,True,2-pointer,0,11-14,'NYK',trails
1068,1068,1068,200110300NYK,4.5,21.9,1st quarter,4:38.0,Latrell Sprewell,NYK,True,3-pointer,26,14-14,'NYK',tied
1069,1069,1069,200110300NYK,24.9,12.0,1st quarter,3:56.0,Clarence Weatherspoon,NYK,False,2-pointer,7,14-14,'NYK',tied
1070,1070,1070,200110300NYK,24.0,5.0,1st quarter,3:21.0,Latrell Sprewell,NYK,False,2-pointer,0,14-14,'NYK',tied
1071,1071,1071,200110300NYK,33.1,9.2,1st quarter,2:33.0,Othella Harrington,NYK,True,2-pointer,10,16-14,'NYK',leads
1072,1072,1072,200110300NYK,25.8,30.5,1st quarter,2:04.0,Latrell Sprewell,NYK,False,3-pointer,26,16-16,'NYK',tied
1073,1073,1073,200110300NYK,47.1,2.9,1st quarter,0:58.8,Shandon Anderson,NYK,False,3-pointer,23,16-21,'NYK',trails
1074,1074,1074,200110300NYK,20.9,11.3,1st quarter,0:01.4,Allan Houston,NYK,False,2-pointer,7,19-21,'NYK',trails
1075,1075,1075,200110300NYK,43.7,20.4,2nd quarter,11:36.0,Charlie Ward,NYK,False,3-pointer,25,19-21,'NYK',trails
1076,1076,1076,200110300NYK,24.0,5.0,2nd quarter,10:44.0,Clarence Weatherspoon,NYK,False,2-pointer,0,21-23,'NYK',trails
1077,1077,1077,200110300NYK,11.8,5.7,2nd quarter,10:10.0,Shandon Anderson,NYK,False,2-pointer,12,22-25,'NYK',trails
1078,1078,1078,200110300NYK,9.3,26.9,2nd quarter,8:23.0,Charlie Ward,NYK,False,3-pointer,26,22-32,'NYK',trails
1079,1079,1079,200110300NYK,24.0,5.0,2nd quarter,7:59.0,Othella Harrington,NYK,False,2-pointer,0,22-32,'NYK',trails
1080,1080,1080,200110300NYK,9.3,10.5,2nd quarter,7:34.0,Mark Jackson,NYK,True,2-pointer,16,24-32,'NYK',trails
1081,1081,1081,200110300NYK,28.1,30.5,2nd quarter,6:59.0,Shandon Anderson,NYK,False,3-pointer,26,24-33,'NYK',trails
1082,1082,1082,200110300NYK,24.0,5.0,2nd quarter,6:16.0,Kurt Thomas,NYK,True,2-pointer,0,26-35,'NYK',trails
1083,1083,1083,200110300NYK,24.0,5.0,2nd quarter,5:31.0,Clarence Weatherspoon,NYK,False,2-pointer,0,26-35,'NYK',trails
1084,1084,1084,200110300NYK,24.0,5.0,2nd quarter,5:28.0,Clarence Weatherspoon,NYK,True,2-pointer,0,28-35,'NYK',trails
1085,1085,1085,200110300NYK,11.8,27.6,2nd quarter,4:48.0,Shandon Anderson,NYK,False,3-pointer,26,28-37,'NYK',trails
1086,1086,1086,200110300NYK,41.4,4.4,2nd quarter,4:08.0,Clarence Weatherspoon,NYK,False,2-pointer,17,28-39,'NYK',trails
1087,1087,1087,200110300NYK,41.4,5.7,2nd quarter,3:45.0,Latrell Sprewell,NYK,True,2-pointer,17,30-39,'NYK',trails
1088,1088,1088,200110300NYK,25.8,23.4,2nd quarter,2:55.0,Latrell Sprewell,NYK,True,2-pointer,18,32-39,'NYK',trails
1089,1089,1089,200110300NYK,47.1,2.9,2nd quarter,2:12.0,Mark Jackson,NYK,True,3-pointer,23,35-41,'NYK',trails
1090,1090,1090,200110300NYK,24.0,5.0,2nd quarter,1:16.0,Mark Jackson,NYK,True,2-pointer,0,39-43,'NYK',trails
1091,1091,1091,200110300NYK,39.7,14.7,2nd quarter,0:33.0,Latrell Sprewell,NYK,False,2-pointer,18,39-43,'NYK',trails
1092,1092,1092,200110300NYK,24.0,5.0,2nd quarter,0:25.5,Clarence Weatherspoon,NYK,False,2-pointer,0,39-43,'NYK',trails
1093,1093,1093,200110300NYK,24.0,5.0,2nd quarter,0:25.2,Othella Harrington,NYK,True,2-pointer,0,41-43,'NYK',trails
1094,1094,1094,200110300NYK,24.0,5.0,3rd quarter,11:46.0,Felton Spencer,NYK,True,2-pointer,0,43-43,'NYK',tied
1095,1095,1095,200110300NYK,33.1,19.1,3rd quarter,11:11.0,Latrell Sprewell,NYK,False,2-pointer,17,43-43,'NYK',tied
1096,1096,1096,200110300NYK,36.3,6.3,3rd quarter,11:05.0,Latrell Sprewell,NYK,False,2-pointer,12,43-43,'NYK',tied
1097,1097,1097,200110300NYK,24.0,5.0,3rd quarter,10:43.0,Kurt Thomas,NYK,True,2-pointer,0,45-43,'NYK',leads
1098,1098,1098,200110300NYK,22.6,14.1,3rd quarter,10:07.0,Allan Houston,NYK,True,2-pointer,9,47-45,'NYK',leads
1099,1099,1099,200110300NYK,47.1,12.0,3rd quarter,9:39.0,Allan Houston,NYK,False,3-pointer,24,47-47,'NYK',tied
1100,1100,1100,200110300NYK,2.8,17.7,3rd quarter,9:31.0,Latrell Sprewell,NYK,True,3-pointer,25,50-47,'NYK',leads
1101,1101,1101,200110300NYK,24.0,5.0,3rd quarter,9:09.0,Allan Houston,NYK,False,2-pointer,0,50-47,'NYK',leads
1102,1102,1102,200110300NYK,30.6,22.5,3rd quarter,8:44.0,Allan Houston,NYK,True,2-pointer,19,52-49,'NYK',leads
1103,1103,1103,200110300NYK,28.9,28.6,3rd quarter,8:18.0,Latrell Sprewell,NYK,True,3-pointer,24,55-49,'NYK',leads
1104,1104,1104,200110300NYK,20.1,26.1,3rd quarter,7:16.0,Latrell Sprewell,NYK,False,2-pointer,21,55-51,'NYK',leads
1105,1105,1105,200110300NYK,23.4,15.6,3rd quarter,7:12.0,Latrell Sprewell,NYK,False,2-pointer,11,55-51,'NYK',leads
1106,1106,1106,200110300NYK,43.7,10.5,3rd quarter,6:41.0,Allan Houston,NYK,False,2-pointer,20,55-52,'NYK',leads
1107,1107,1107,200110300NYK,29.8,26.9,3rd quarter,5:58.0,Allan Houston,NYK,True,2-pointer,23,57-52,'NYK',leads
1108,1108,1108,200110300NYK,28.1,8.4,3rd quarter,4:46.0,Othella Harrington,NYK,True,2-pointer,5,59-54,'NYK',leads
1109,1109,1109,200110300NYK,24.0,5.0,3rd quarter,4:10.0,Allan Houston,NYK,True,2-pointer,0,61-54,'NYK',leads
1110,1110,1110,200110300NYK,20.9,12.0,3rd quarter,3:36.0,Latrell Sprewell,NYK,False,2-pointer,8,62-54,'NYK',leads
1111,1111,1111,200110300NYK,24.0,5.0,3rd quarter,2:56.0,Othella Harrington,NYK,False,2-pointer,0,64-57,'NYK',leads
1112,1112,1112,200110300NYK,27.2,9.9,3rd quarter,2:25.0,Othella Harrington,NYK,False,2-pointer,6,65-59,'NYK',leads
1113,1113,1113,200110300NYK,28.1,26.9,3rd quarter,1:33.0,Allan Houston,NYK,False,2-pointer,22,67-61,'NYK',leads
1114,1114,1114,200110300NYK,24.0,5.0,3rd quarter,1:12.0,Felton Spencer,NYK,False,2-pointer,0,67-61,'NYK',leads
1115,1115,1115,200110300NYK,39.7,4.4,3rd quarter,0:29.8,Allan Houston,NYK,False,2-pointer,16,67-61,'NYK',leads
1116,1116,1116,200110300NYK,0.2,3.7,3rd quarter,0:00.3,Shandon Anderson,NYK,False,3-pointer,24,67-61,'NYK',leads
1117,1117,1117,200110300NYK,22.6,12.0,4th quarter,11:04.0,Clarence Weatherspoon,NYK,False,2-pointer,7,67-65,'NYK',leads
1118,1118,1118,200110300NYK,47.1,6.3,4th quarter,10:21.0,Charlie Ward,NYK,False,3-pointer,23,67-67,'NYK',tied
1119,1119,1119,200110300NYK,11.0,7.8,4th quarter,9:32.0,Latrell Sprewell,NYK,True,2-pointer,13,69-69,'NYK',tied
1120,1120,1120,200110300NYK,46.2,2.9,4th quarter,8:11.0,Charlie Ward,NYK,True,3-pointer,22,73-73,'NYK',tied
1121,1121,1121,200110300NYK,47.1,2.9,4th quarter,7:32.0,Charlie Ward,NYK,False,3-pointer,23,73-76,'NYK',trails
1122,1122,1122,200110300NYK,26.4,10.5,4th quarter,5:43.0,Kurt Thomas,NYK,True,2-pointer,6,77-79,'NYK',trails
1123,1123,1123,200110300NYK,24.0,5.0,4th quarter,5:00.0,Kurt Thomas,NYK,True,2-pointer,0,79-79,'NYK',tied
1124,1124,1124,200110300NYK,44.5,17.0,4th quarter,4:28.0,Latrell Sprewell,NYK,True,3-pointer,24,82-81,'NYK',leads
1125,1125,1125,200110300NYK,42.2,7.8,4th quarter,3:44.0,Latrell Sprewell,NYK,True,2-pointer,18,84-83,'NYK',leads
1126,1126,1126,200110300NYK,11.8,6.9,4th quarter,2:55.0,Allan Houston,NYK,True,2-pointer,12,87-83,'NYK',leads
1127,1127,1127,200110300NYK,47.1,3.7,4th quarter,2:09.0,Mark Jackson,NYK,False,3-pointer,23,87-86,'NYK',leads
1128,1128,1128,200110300NYK,12.7,5.7,4th quarter,1:46.0,Latrell Sprewell,NYK,True,2-pointer,11,89-86,'NYK',leads
1129,1129,1129,200110300NYK,24.0,5.0,4th quarter,1:28.0,Kurt Thomas,NYK,False,2-pointer,0,89-88,'NYK',leads
1130,1130,1130,200110300NYK,7.8,8.4,4th quarter,0:52.9,Latrell Sprewell,NYK,False,2-pointer,17,89-88,'NYK',leads
1131,1131,1131,200110300ORL,12.5,2.7,1st quarter,11:45.0,Antonio Davis,TOR,False,2-pointer,12,0-0,'TOR',tied
1132,1132,1132,200110300ORL,30.2,7.8,1st quarter,11:20.0,Vince Carter,TOR,False,2-pointer,7,0-2,'TOR',trails
1133,1133,1133,200110300ORL,34.4,15.6,1st quarter,10:43.0,Hakeem Olajuwon,TOR,True,2-pointer,15,2-4,'TOR',trails
1134,1134,1134,200110300ORL,42.2,22.1,1st quarter,10:04.0,Vince Carter,TOR,False,3-pointer,25,2-6,'TOR',trails
1135,1135,1135,200110300ORL,41.6,7.8,1st quarter,9:40.0,Vince Carter,TOR,False,2-pointer,18,2-8,'TOR',trails
1136,1136,1136,200110300ORL,47.3,14.9,1st quarter,9:36.0,Morris Peterson,TOR,False,3-pointer,25,2-8,'TOR',trails
1137,1137,1137,200110300ORL,5.3,3.1,1st quarter,9:10.0,Alvin Williams,TOR,True,2-pointer,19,6-8,'TOR',trails
1138,1138,1138,200110300ORL,23.9,10.5,1st quarter,8:23.0,Morris Peterson,TOR,False,2-pointer,6,6-10,'TOR',trails
1139,1139,1139,200110300ORL,24.0,5.0,1st quarter,8:21.0,Hakeem Olajuwon,TOR,True,2-pointer,0,8-10,'TOR',trails
1140,1140,1140,200110300ORL,10.4,25.5,1st quarter,7:26.0,Alvin Williams,TOR,False,3-pointer,25,8-14,'TOR',trails
1141,1141,1141,200110300ORL,3.8,20.0,1st quarter,6:48.0,Morris Peterson,TOR,False,3-pointer,25,8-16,'TOR',trails
1142,1142,1142,200110300ORL,11.6,3.7,1st quarter,5:50.0,Hakeem Olajuwon,TOR,False,2-pointer,12,10-18,'TOR',trails
1143,1143,1143,200110300ORL,24.0,5.0,1st quarter,5:48.0,Antonio Davis,TOR,False,2-pointer,0,10-18,'TOR',trails
1144,1144,1144,200110300ORL,38.0,4.8,1st quarter,5:13.0,Antonio Davis,TOR,False,2-pointer,14,10-20,'TOR',trails
1145,1145,1145,200110300ORL,3.8,5.7,1st quarter,4:51.0,Morris Peterson,TOR,False,2-pointer,20,10-20,'TOR',trails
1146,1146,1146,200110300ORL,24.0,5.0,1st quarter,4:01.0,Morris Peterson,TOR,True,2-pointer,0,12-22,'TOR',trails
1147,1147,1147,200110300ORL,35.9,5.7,1st quarter,3:25.0,Keon Clark,TOR,True,2-pointer,12,14-24,'TOR',trails
1148,1148,1148,200110300ORL,24.0,5.0,1st quarter,2:42.0,Hakeem Olajuwon,TOR,True,2-pointer,0,16-27,'TOR',trails
1149,1149,1149,200110300ORL,38.6,10.1,1st quarter,2:03.0,Alvin Williams,TOR,True,2-pointer,15,18-29,'TOR',trails
1150,1150,1150,200110300ORL,6.8,20.0,1st quarter,1:12.0,Alvin Williams,TOR,False,2-pointer,23,18-31,'TOR',trails
1151,1151,1151,200110300ORL,24.0,5.0,1st quarter,1:06.0,Hakeem Olajuwon,TOR,False,2-pointer,0,18-31,'TOR',trails
1152,1152,1152,200110300ORL,24.0,5.0,1st quarter,0:59.4,Vince Carter,TOR,True,2-pointer,0,20-31,'TOR',trails
1153,1153,1153,200110300ORL,35.9,18.3,1st quarter,0:21.8,Vince Carter,TOR,False,2-pointer,18,20-31,'TOR',trails
1154,1154,1154,200110300ORL,24.0,5.0,1st quarter,0:01.1,Vince Carter,TOR,False,2-pointer,0,20-31,'TOR',trails
1155,1155,1155,200110300ORL,24.0,5.0,1st quarter,0:00.0,Keon Clark,TOR,True,2-pointer,0,22-31,'TOR',trails
1156,1156,1156,200110300ORL,38.6,20.4,2nd quarter,11:30.0,Vince Carter,TOR,False,2-pointer,21,22-33,'TOR',trails
1157,1157,1157,200110300ORL,24.0,5.0,2nd quarter,11:26.0,Vince Carter,TOR,False,2-pointer,0,22-33,'TOR',trails
1158,1158,1158,200110300ORL,5.3,4.8,2nd quarter,11:05.0,Eric Montross,TOR,False,2-pointer,19,22-33,'TOR',trails
1159,1159,1159,200110300ORL,39.3,3.1,2nd quarter,9:50.0,Eric Montross,TOR,False,2-pointer,15,24-35,'TOR',trails
1160,1160,1160,200110300ORL,41.6,22.7,2nd quarter,9:32.0,Vince Carter,TOR,False,3-pointer,25,24-35,'TOR',trails
1161,1161,1161,200110300ORL,26.4,19.4,2nd quarter,9:15.0,Keon Clark,TOR,True,2-pointer,15,26-35,'TOR',trails
1162,1162,1162,200110300ORL,38.0,12.2,2nd quarter,8:38.0,Antonio Davis,TOR,True,2-pointer,16,28-35,'TOR',trails
1163,1163,1163,200110300ORL,24.0,5.0,2nd quarter,7:57.0,Antonio Davis,TOR,False,2-pointer,0,28-37,'TOR',trails
1164,1164,1164,200110300ORL,24.0,5.0,2nd quarter,7:31.0,Jerome Williams,TOR,False,2-pointer,0,30-37,'TOR',trails
1165,1165,1165,200110300ORL,39.3,12.8,2nd quarter,4:42.0,Vince Carter,TOR,True,2-pointer,17,33-44,'TOR',trails
1166,1166,1166,200110300ORL,14.6,4.8,2nd quarter,4:08.0,Vince Carter,TOR,False,2-pointer,9,34-45,'TOR',trails
1167,1167,1167,200110300ORL,24.0,5.0,2nd quarter,4:06.0,Hakeem Olajuwon,TOR,True,2-pointer,0,36-45,'TOR',trails
1168,1168,1168,200110300ORL,24.0,5.0,2nd quarter,3:27.0,Jerome Williams,TOR,True,2-pointer,0,38-47,'TOR',trails
1169,1169,1169,200110300ORL,3.2,18.7,2nd quarter,2:57.0,Morris Peterson,TOR,True,3-pointer,25,41-49,'TOR',trails
1170,1170,1170,200110300ORL,7.4,3.1,2nd quarter,1:52.0,Alvin Williams,TOR,False,2-pointer,17,42-52,'TOR',trails
1171,1171,1171,200110300ORL,42.2,7.8,2nd quarter,1:19.0,Chris Childs,TOR,True,2-pointer,18,46-52,'TOR',trails
1172,1172,1172,200110300ORL,8.9,8.4,2nd quarter,0:29.0,Morris Peterson,TOR,False,2-pointer,15,47-53,'TOR',trails
1173,1173,1173,200110300ORL,24.0,5.0,2nd quarter,0:00.0,Jerome Williams,TOR,False,2-pointer,0,47-55,'TOR',trails
1174,1174,1174,200110300ORL,24.0,5.0,3rd quarter,11:07.0,Antonio Davis,TOR,False,2-pointer,0,47-59,'TOR',trails
1175,1175,1175,200110300ORL,24.0,5.0,3rd quarter,11:05.0,Antonio Davis,TOR,True,2-pointer,0,49-59,'TOR',trails
1176,1176,1176,200110300ORL,27.9,9.7,3rd quarter,10:05.0,Alvin Williams,TOR,False,2-pointer,6,50-62,'TOR',trails
1177,1177,1177,200110300ORL,1.7,16.2,3rd quarter,9:25.0,Vince Carter,TOR,False,3-pointer,25,50-62,'TOR',trails
1178,1178,1178,200110300ORL,6.8,2.1,3rd quarter,8:36.0,Antonio Davis,TOR,False,2-pointer,17,50-65,'TOR',trails
1179,1179,1179,200110300ORL,6.2,3.1,3rd quarter,7:00.0,Vince Carter,TOR,False,2-pointer,18,51-70,'TOR',trails
1180,1180,1180,200110300ORL,25.1,12.2,3rd quarter,6:36.0,Vince Carter,TOR,False,2-pointer,7,51-70,'TOR',trails
1181,1181,1181,200110300ORL,43.7,5.7,3rd quarter,6:29.0,Morris Peterson,TOR,False,2-pointer,20,51-70,'TOR',trails
1182,1182,1182,200110300ORL,3.8,20.4,3rd quarter,5:25.0,Morris Peterson,TOR,False,3-pointer,25,51-74,'TOR',trails
1183,1183,1183,200110300ORL,37.2,11.6,3rd quarter,5:01.0,Keon Clark,TOR,True,2-pointer,15,54-74,'TOR',trails
1184,1184,1184,200110300ORL,34.4,14.3,3rd quarter,3:12.0,Antonio Davis,TOR,True,2-pointer,14,56-76,'TOR',trails
1185,1185,1185,200110300ORL,33.8,5.0,3rd quarter,2:05.0,Alvin Williams,TOR,False,2-pointer,10,58-78,'TOR',trails
1186,1186,1186,200110300ORL,24.3,12.2,3rd quarter,1:58.0,Morris Peterson,TOR,False,2-pointer,7,58-78,'TOR',trails
1187,1187,1187,200110300ORL,20.3,29.3,4th quarter,11:41.0,Chris Childs,TOR,True,3-pointer,25,65-86,'TOR',trails
1188,1188,1188,200110300ORL,36.5,3.7,4th quarter,11:01.0,Keon Clark,TOR,False,2-pointer,13,65-88,'TOR',trails
1189,1189,1189,200110300ORL,24.0,5.0,4th quarter,10:58.0,Antonio Davis,TOR,False,2-pointer,0,65-88,'TOR',trails
1190,1190,1190,200110300ORL,24.0,5.0,4th quarter,10:56.0,Antonio Davis,TOR,False,2-pointer,0,65-88,'TOR',trails
1191,1191,1191,200110300ORL,41.6,2.1,4th quarter,10:25.0,Tracy Murray,TOR,False,2-pointer,18,65-90,'TOR',trails
1192,1192,1192,200110300ORL,35.9,17.7,4th quarter,9:50.0,Tracy Murray,TOR,False,2-pointer,17,65-93,'TOR',trails
1193,1193,1193,200110300ORL,28.7,9.0,4th quarter,9:44.0,Keon Clark,TOR,True,2-pointer,6,67-93,'TOR',trails
1194,1194,1194,200110300ORL,28.7,5.7,4th quarter,9:12.0,Chris Childs,TOR,True,2-pointer,5,69-93,'TOR',trails
1195,1195,1195,200110300ORL,28.7,11.6,4th quarter,8:45.0,Jerome Williams,TOR,False,2-pointer,8,69-93,'TOR',trails
1196,1196,1196,200110300ORL,24.0,5.0,4th quarter,8:27.0,Tracy Murray,TOR,False,2-pointer,0,69-93,'TOR',trails
1197,1197,1197,200110300ORL,33.8,4.8,4th quarter,7:51.0,Tracy Murray,TOR,True,2-pointer,10,72-93,'TOR',trails
1198,1198,1198,200110300ORL,43.1,21.0,4th quarter,7:08.0,Tracy Murray,TOR,True,3-pointer,25,75-95,'TOR',trails
1199,1199,1199,200110300ORL,16.9,20.4,4th quarter,6:26.0,Eric Montross,TOR,True,2-pointer,17,77-97,'TOR',trails
1200,1200,1200,200110300ORL,18.2,20.4,4th quarter,5:35.0,Eric Montross,TOR,True,2-pointer,16,79-98,'TOR',trails
1201,1201,1201,200110300ORL,42.2,9.7,4th quarter,2:03.0,Carlos Arroyo,TOR,False,2-pointer,19,82-112,'TOR',trails
1202,1202,1202,200110300ORL,11.0,26.5,4th quarter,1:59.0,Tracy Murray,TOR,False,3-pointer,25,82-112,'TOR',trails
1203,1203,1203,200110300ORL,23.2,26.5,4th quarter,0:41.7,Eric Montross,TOR,False,2-pointer,22,82-114,'TOR',trails
1204,1204,1204,200110300ORL,24.0,5.0,4th quarter,0:40.6,Tracy Murray,TOR,True,2-pointer,0,84-114,'TOR',trails
1205,1205,1205,200110300ORL,25.8,17.7,1st quarter,11:36.0,Grant Hill,ORL,True,2-pointer,13,2-0,'TOR',leads
1206,1206,1206,200110300ORL,6.2,17.7,1st quarter,11:12.0,Tracy McGrady,ORL,False,2-pointer,22,2-0,'TOR',leads
1207,1207,1207,200110300ORL,19.6,22.7,1st quarter,11:03.0,Darrell Armstrong,ORL,True,2-pointer,18,4-0,'TOR',leads
1208,1208,1208,200110300ORL,24.0,5.0,1st quarter,10:24.0,Horace Grant,ORL,True,2-pointer,0,6-2,'TOR',leads
1209,1209,1209,200110300ORL,24.0,5.0,1st quarter,9:56.0,Tracy McGrady,ORL,True,2-pointer,0,8-2,'TOR',leads
1210,1210,1210,200110300ORL,21.7,23.8,1st quarter,9:26.0,Horace Grant,ORL,False,2-pointer,19,8-4,'TOR',leads
1211,1211,1211,200110300ORL,24.0,5.0,1st quarter,8:05.0,Tracy McGrady,ORL,True,2-pointer,0,12-8,'TOR',leads
1212,1212,1212,200110300ORL,24.0,5.0,1st quarter,7:47.0,Grant Hill,ORL,True,2-pointer,0,14-8,'TOR',leads
1213,1213,1213,200110300ORL,8.3,17.2,1st quarter,7:06.0,Darrell Armstrong,ORL,True,2-pointer,20,16-8,'TOR',leads
1214,1214,1214,200110300ORL,15.4,15.6,1st quarter,6:10.0,Darrell Armstrong,ORL,True,2-pointer,14,18-10,'TOR',leads
1215,1215,1215,200110300ORL,11.0,15.6,1st quarter,5:30.0,Tracy McGrady,ORL,True,2-pointer,17,20-10,'TOR',leads
1216,1216,1216,200110300ORL,36.5,7.8,1st quarter,5:02.0,Grant Hill,ORL,False,2-pointer,13,20-10,'TOR',leads
1217,1217,1217,200110300ORL,6.2,7.8,1st quarter,4:38.0,Tracy McGrady,ORL,True,2-pointer,18,22-10,'TOR',leads
1218,1218,1218,200110300ORL,24.0,5.0,1st quarter,3:49.0,Tracy McGrady,ORL,False,2-pointer,0,22-12,'TOR',leads
1219,1219,1219,200110300ORL,33.8,4.8,1st quarter,3:46.0,Patrick Ewing,ORL,False,2-pointer,10,22-12,'TOR',leads
1220,1220,1220,200110300ORL,24.0,5.0,1st quarter,3:41.0,Tracy McGrady,ORL,False,2-pointer,0,22-12,'TOR',leads
1221,1221,1221,200110300ORL,24.0,5.0,1st quarter,3:39.0,Horace Grant,ORL,True,2-pointer,0,24-12,'TOR',leads
1222,1222,1222,200110300ORL,24.3,23.8,1st quarter,3:06.0,Tracy McGrady,ORL,False,2-pointer,19,25-14,'TOR',leads
1223,1223,1223,200110300ORL,23.2,7.8,1st quarter,2:54.0,Patrick Ewing,ORL,True,2-pointer,3,27-14,'TOR',leads
1224,1224,1224,200110300ORL,18.2,11.1,1st quarter,2:19.0,Pat Garrity,ORL,True,2-pointer,8,29-16,'TOR',leads
1225,1225,1225,200110300ORL,39.3,3.7,1st quarter,1:39.0,Grant Hill,ORL,True,2-pointer,15,31-18,'TOR',leads
1226,1226,1226,200110300ORL,20.3,16.6,1st quarter,0:35.5,Patrick Ewing,ORL,False,2-pointer,12,31-20,'TOR',leads
1227,1227,1227,200110300ORL,24.0,5.0,2nd quarter,10:13.0,Patrick Ewing,ORL,True,2-pointer,0,35-24,'TOR',leads
1228,1228,1228,200110300ORL,34.4,16.2,2nd quarter,9:39.0,Grant Hill,ORL,False,2-pointer,15,35-24,'TOR',leads
1229,1229,1229,200110300ORL,24.0,5.0,2nd quarter,9:26.0,Troy Hudson,ORL,False,2-pointer,0,35-24,'TOR',leads
1230,1230,1230,200110300ORL,8.9,9.0,2nd quarter,8:54.0,Grant Hill,ORL,False,2-pointer,16,35-26,'TOR',leads
1231,1231,1231,200110300ORL,40.1,6.7,2nd quarter,8:18.0,Grant Hill,ORL,False,2-pointer,16,35-28,'TOR',leads
1232,1232,1232,200110300ORL,24.0,5.0,2nd quarter,8:17.0,Patrick Ewing,ORL,True,2-pointer,0,37-28,'TOR',leads
1233,1233,1233,200110300ORL,12.5,22.7,2nd quarter,7:39.0,Troy Hudson,ORL,False,2-pointer,21,37-30,'TOR',leads
1234,1234,1234,200110300ORL,2.6,17.2,2nd quarter,7:22.0,Troy Hudson,ORL,False,3-pointer,25,37-30,'TOR',leads
1235,1235,1235,200110300ORL,24.0,5.0,2nd quarter,7:09.0,Grant Hill,ORL,True,2-pointer,0,39-31,'TOR',leads
1236,1236,1236,200110300ORL,3.2,16.6,2nd quarter,6:02.0,Darrell Armstrong,ORL,False,3-pointer,24,39-31,'TOR',leads
1237,1237,1237,200110300ORL,24.0,5.0,2nd quarter,5:25.0,Horace Grant,ORL,True,2-pointer,0,41-31,'TOR',leads
1238,1238,1238,200110300ORL,1.1,2.7,2nd quarter,4:59.0,Darrell Armstrong,ORL,True,3-pointer,23,44-31,'TOR',leads
1239,1239,1239,200110300ORL,24.0,5.0,2nd quarter,3:46.0,Tracy McGrady,ORL,True,2-pointer,0,47-36,'TOR',leads
1240,1240,1240,200110300ORL,34.4,20.0,2nd quarter,2:17.0,Horace Grant,ORL,True,2-pointer,18,52-42,'TOR',leads
1241,1241,1241,200110300ORL,20.3,29.7,2nd quarter,1:42.0,Tracy McGrady,ORL,False,3-pointer,25,52-42,'TOR',leads
1242,1242,1242,200110300ORL,22.4,10.1,2nd quarter,1:27.0,Bo Outlaw,ORL,False,2-pointer,5,52-44,'TOR',leads
1243,1243,1243,200110300ORL,21.1,4.8,3rd quarter,11:46.0,Grant Hill,ORL,True,2-pointer,3,57-47,'TOR',leads
1244,1244,1244,200110300ORL,10.4,7.8,3rd quarter,10:53.0,Tracy McGrady,ORL,True,2-pointer,14,61-49,'TOR',leads
1245,1245,1245,200110300ORL,27.2,16.2,3rd quarter,10:30.0,Grant Hill,ORL,False,2-pointer,12,61-50,'TOR',leads
1246,1246,1246,200110300ORL,6.2,7.8,3rd quarter,9:54.0,Horace Grant,ORL,False,2-pointer,18,62-50,'TOR',leads
1247,1247,1247,200110300ORL,2.6,17.7,3rd quarter,9:09.0,Darrell Armstrong,ORL,True,3-pointer,25,65-50,'TOR',leads
1248,1248,1248,200110300ORL,27.2,10.5,3rd quarter,8:18.0,Grant Hill,ORL,True,2-pointer,6,67-50,'TOR',leads
1249,1249,1249,200110300ORL,16.1,11.6,3rd quarter,7:46.0,Grant Hill,ORL,True,2-pointer,10,69-51,'TOR',leads
1250,1250,1250,200110300ORL,41.6,9.0,3rd quarter,7:11.0,Tracy McGrady,ORL,False,2-pointer,18,70-51,'TOR',leads
1251,1251,1251,200110300ORL,24.0,5.0,3rd quarter,6:19.0,Darrell Armstrong,ORL,True,2-pointer,0,72-51,'TOR',leads
1252,1252,1252,200110300ORL,21.1,10.5,3rd quarter,5:51.0,Tracy McGrady,ORL,True,2-pointer,6,74-51,'TOR',leads
1253,1253,1253,200110300ORL,8.9,10.5,3rd quarter,5:09.0,Tracy McGrady,ORL,False,2-pointer,16,74-52,'TOR',leads
1254,1254,1254,200110300ORL,24.0,5.0,3rd quarter,4:42.0,Horace Grant,ORL,True,2-pointer,0,76-54,'TOR',leads
1255,1255,1255,200110300ORL,20.3,16.2,3rd quarter,2:50.0,Patrick Ewing,ORL,True,2-pointer,12,78-56,'TOR',leads
1256,1256,1256,200110300ORL,32.3,14.9,3rd quarter,2:20.0,Horace Grant,ORL,False,2-pointer,13,78-58,'TOR',leads
1257,1257,1257,200110300ORL,43.1,3.1,3rd quarter,1:36.0,Grant Hill,ORL,True,2-pointer,19,80-58,'TOR',leads
1258,1258,1258,200110300ORL,24.0,5.0,3rd quarter,1:06.0,Grant Hill,ORL,True,2-pointer,0,82-60,'TOR',leads
1259,1259,1259,200110300ORL,3.2,20.0,3rd quarter,0:16.7,Tracy McGrady,ORL,True,3-pointer,26,86-62,'TOR',leads
1260,1260,1260,200110300ORL,24.0,5.0,4th quarter,11:22.0,Tracy McGrady,ORL,True,2-pointer,0,88-65,'TOR',leads
1261,1261,1261,200110300ORL,39.3,10.5,4th quarter,10:51.0,Troy Hudson,ORL,False,2-pointer,16,88-65,'TOR',leads
1262,1262,1262,200110300ORL,24.0,5.0,4th quarter,10:40.0,Troy Hudson,ORL,True,2-pointer,0,90-65,'TOR',leads
1263,1263,1263,200110300ORL,39.3,24.2,4th quarter,10:10.0,Pat Garrity,ORL,True,3-pointer,25,93-65,'TOR',leads
1264,1264,1264,200110300ORL,19.0,7.3,4th quarter,9:21.0,Bo Outlaw,ORL,False,2-pointer,6,93-67,'TOR',leads
1265,1265,1265,200110300ORL,19.0,6.3,4th quarter,8:54.0,Patrick Ewing,ORL,False,2-pointer,5,93-69,'TOR',leads
1266,1266,1266,200110300ORL,19.6,10.5,4th quarter,7:29.0,Monty Williams,ORL,True,2-pointer,7,95-72,'TOR',leads
1267,1267,1267,200110300ORL,30.8,5.0,4th quarter,6:53.0,Patrick Ewing,ORL,True,2-pointer,7,97-75,'TOR',leads
1268,1268,1268,200110300ORL,1.7,16.6,4th quarter,6:02.0,Pat Garrity,ORL,False,3-pointer,25,97-77,'TOR',leads
1269,1269,1269,200110300ORL,38.0,15.6,4th quarter,5:19.0,Troy Hudson,ORL,True,2-pointer,18,100-79,'TOR',leads
1270,1270,1270,200110300ORL,24.0,5.0,4th quarter,4:49.0,Troy Hudson,ORL,True,2-pointer,0,102-79,'TOR',leads
1271,1271,1271,200110300ORL,24.0,5.0,4th quarter,4:31.0,Troy Hudson,ORL,True,2-pointer,0,104-79,'TOR',leads
1272,1272,1272,200110300ORL,23.2,27.6,4th quarter,4:01.0,Troy Hudson,ORL,True,2-pointer,23,106-79,'TOR',leads
1273,1273,1273,200110300ORL,6.2,5.7,4th quarter,3:17.0,Troy Hudson,ORL,True,2-pointer,18,108-80,'TOR',leads
1274,1274,1274,200110300ORL,5.3,5.0,4th quarter,2:57.0,Pat Garrity,ORL,True,2-pointer,19,110-82,'TOR',leads
1275,1275,1275,200110300ORL,15.4,7.8,4th quarter,1:39.0,Steven Hunter,ORL,False,2-pointer,9,112-82,'TOR',leads
1276,1276,1276,200110300ORL,36.5,23.8,4th quarter,1:30.0,Troy Hudson,ORL,False,2-pointer,23,112-82,'TOR',leads
1277,1277,1277,200110300PHO,25.8,24.2,1st quarter,11:22.0,Scott Williams,DEN,False,2-pointer,19,0-0,'PHO',tied
1278,1278,1278,200110300PHO,24.0,5.0,1st quarter,10:39.0,Scott Williams,DEN,False,2-pointer,0,2-2,'PHO',tied
1279,1279,1279,200110300PHO,24.0,5.0,1st quarter,10:25.0,Tariq Abdul-Wahad,DEN,True,2-pointer,0,4-2,'PHO',leads
1280,1280,1280,200110300PHO,41.6,22.9,1st quarter,9:54.0,Nick Van,DEN,True,3-pointer,25,7-2,'PHO',leads
1281,1281,1281,200110300PHO,19.6,17.9,1st quarter,9:14.0,Tariq Abdul-Wahad,DEN,False,2-pointer,14,7-4,'PHO',leads
1282,1282,1282,200110300PHO,19.6,6.9,1st quarter,8:16.0,Nick Van,DEN,False,2-pointer,5,8-4,'PHO',leads
1283,1283,1283,200110300PHO,24.0,5.0,1st quarter,8:14.0,Scott Williams,DEN,False,2-pointer,0,8-4,'PHO',leads
1284,1284,1284,200110300PHO,24.0,5.0,1st quarter,8:13.0,Scott Williams,DEN,False,2-pointer,0,8-4,'PHO',leads
1285,1285,1285,200110300PHO,4.7,5.7,1st quarter,7:42.0,Scott Williams,DEN,True,2-pointer,19,10-7,'PHO',leads
1286,1286,1286,200110300PHO,40.1,6.9,1st quarter,5:44.0,Raef LaFrentz,DEN,False,2-pointer,16,10-10,'PHO',tied
1287,1287,1287,200110300PHO,23.9,29.3,1st quarter,5:24.0,James Posey,DEN,True,3-pointer,24,13-10,'PHO',leads
1288,1288,1288,200110300PHO,24.0,5.0,1st quarter,4:51.0,Raef LaFrentz,DEN,True,2-pointer,0,15-10,'PHO',leads
1289,1289,1289,200110300PHO,26.4,9.7,1st quarter,4:13.0,Raef LaFrentz,DEN,True,2-pointer,5,17-11,'PHO',leads
1290,1290,1290,200110300PHO,33.8,27.4,1st quarter,3:47.0,Raef LaFrentz,DEN,False,3-pointer,24,17-11,'PHO',leads
1291,1291,1291,200110300PHO,23.9,9.7,1st quarter,3:42.0,Scott Williams,DEN,True,2-pointer,5,19-11,'PHO',leads
1292,1292,1292,200110300PHO,21.7,13.5,1st quarter,3:09.0,Tariq Abdul-Wahad,DEN,False,2-pointer,9,19-11,'PHO',leads
1293,1293,1293,200110300PHO,35.9,9.0,1st quarter,2:07.0,Isaiah Rider,DEN,True,2-pointer,13,21-13,'PHO',leads
1294,1294,1294,200110300PHO,24.0,5.0,1st quarter,1:50.0,Tariq Abdul-Wahad,DEN,True,2-pointer,0,23-13,'PHO',leads
1295,1295,1295,200110300PHO,45.2,18.5,1st quarter,1:24.0,George McCloud,DEN,False,3-pointer,25,23-13,'PHO',leads
1296,1296,1296,200110300PHO,32.3,8.0,1st quarter,0:59.2,Avery Johnson,DEN,False,2-pointer,9,23-13,'PHO',leads
1297,1297,1297,200110300PHO,30.8,9.7,1st quarter,0:30.5,Isaiah Rider,DEN,False,2-pointer,8,23-13,'PHO',leads
1298,1298,1298,200110300PHO,16.1,20.2,2nd quarter,11:40.0,Tariq Abdul-Wahad,DEN,False,2-pointer,17,25-16,'PHO',leads
1299,1299,1299,200110300PHO,24.0,5.0,2nd quarter,11:15.0,Shawnelle Scott,DEN,False,2-pointer,0,25-18,'PHO',leads
1300,1300,1300,200110300PHO,24.0,5.0,2nd quarter,11:09.0,Shawnelle Scott,DEN,True,2-pointer,0,27-18,'PHO',leads
1301,1301,1301,200110300PHO,16.1,24.8,2nd quarter,10:38.0,Isaiah Rider,DEN,False,2-pointer,21,27-18,'PHO',leads
1302,1302,1302,200110300PHO,24.0,5.0,2nd quarter,10:04.0,Avery Johnson,DEN,False,2-pointer,0,27-18,'PHO',leads
1303,1303,1303,200110300PHO,24.0,5.0,2nd quarter,10:03.0,Shawnelle Scott,DEN,False,2-pointer,0,27-18,'PHO',leads
1304,1304,1304,200110300PHO,24.0,5.0,2nd quarter,9:38.0,Tariq Abdul-Wahad,DEN,False,2-pointer,0,27-20,'PHO',leads
1305,1305,1305,200110300PHO,24.0,5.0,2nd quarter,9:16.0,George McCloud,DEN,True,2-pointer,0,29-20,'PHO',leads
1306,1306,1306,200110300PHO,11.6,5.0,2nd quarter,8:09.0,Isaiah Rider,DEN,True,2-pointer,12,33-20,'PHO',leads
1307,1307,1307,200110300PHO,39.3,9.7,2nd quarter,7:20.0,Isaiah Rider,DEN,False,2-pointer,16,35-20,'PHO',leads
1308,1308,1308,200110300PHO,30.1,31.2,2nd quarter,6:53.0,George McCloud,DEN,False,3-pointer,27,35-22,'PHO',leads
1309,1309,1309,200110300PHO,20.3,29.3,2nd quarter,6:20.0,Isaiah Rider,DEN,False,3-pointer,25,35-24,'PHO',leads
1310,1310,1310,200110300PHO,31.7,22.3,2nd quarter,5:52.0,Nick Van,DEN,True,2-pointer,19,37-26,'PHO',leads
1311,1311,1311,200110300PHO,46.6,10.1,2nd quarter,5:28.0,Isaiah Rider,DEN,True,3-pointer,23,40-26,'PHO',leads
1312,1312,1312,200110300PHO,24.0,5.0,2nd quarter,4:55.0,James Posey,DEN,True,2-pointer,0,42-28,'PHO',leads
1313,1313,1313,200110300PHO,40.7,23.6,2nd quarter,4:07.0,Nick Van,DEN,False,3-pointer,25,44-28,'PHO',leads
1314,1314,1314,200110300PHO,9.5,11.3,2nd quarter,2:22.0,Nick Van,DEN,False,2-pointer,16,45-34,'PHO',leads
1315,1315,1315,200110300PHO,24.0,5.0,2nd quarter,2:15.0,Tariq Abdul-Wahad,DEN,True,2-pointer,0,47-34,'PHO',leads
1316,1316,1316,200110300PHO,40.1,6.3,2nd quarter,1:34.0,Scott Williams,DEN,False,2-pointer,16,48-36,'PHO',leads
1317,1317,1317,200110300PHO,24.0,5.0,2nd quarter,1:32.0,Tariq Abdul-Wahad,DEN,False,2-pointer,0,48-36,'PHO',leads
1318,1318,1318,200110300PHO,16.9,17.9,2nd quarter,1:03.0,Nick Van,DEN,True,2-pointer,15,52-36,'PHO',leads
1319,1319,1319,200110300PHO,24.0,5.0,2nd quarter,0:41.6,Scott Williams,DEN,True,2-pointer,0,54-36,'PHO',leads
1320,1320,1320,200110300PHO,47.3,8.0,2nd quarter,0:08.9,Nick Van,DEN,True,3-pointer,23,57-36,'PHO',leads
1321,1321,1321,200110300PHO,25.1,30.7,2nd quarter,0:00.4,Tariq Abdul-Wahad,DEN,False,3-pointer,26,57-36,'PHO',leads
1322,1322,1322,200110300PHO,12.5,6.9,3rd quarter,11:44.0,Nick Van,DEN,True,2-pointer,12,59-36,'PHO',leads
1323,1323,1323,200110300PHO,6.2,4.2,3rd quarter,10:47.0,James Posey,DEN,True,2-pointer,18,61-38,'PHO',leads
1324,1324,1324,200110300PHO,7.4,23.6,3rd quarter,10:27.0,Nick Van,DEN,False,3-pointer,25,61-38,'PHO',leads
1325,1325,1325,200110300PHO,23.2,21.9,3rd quarter,10:21.0,Tariq Abdul-Wahad,DEN,False,2-pointer,17,61-38,'PHO',leads
1326,1326,1326,200110300PHO,47.9,4.2,3rd quarter,9:37.0,Raef LaFrentz,DEN,False,3-pointer,24,61-38,'PHO',leads
1327,1327,1327,200110300PHO,37.2,14.7,3rd quarter,9:22.0,Nick Van,DEN,False,2-pointer,16,61-38,'PHO',leads
1328,1328,1328,200110300PHO,9.5,7.3,3rd quarter,8:59.0,Tariq Abdul-Wahad,DEN,False,2-pointer,15,61-40,'PHO',leads
1329,1329,1329,200110300PHO,14.6,3.7,3rd quarter,7:55.0,Tariq Abdul-Wahad,DEN,True,2-pointer,9,64-40,'PHO',leads
1330,1330,1330,200110300PHO,40.7,5.7,3rd quarter,7:14.0,Scott Williams,DEN,True,2-pointer,17,66-42,'PHO',leads
1331,1331,1331,200110300PHO,31.7,20.8,3rd quarter,6:35.0,James Posey,DEN,True,2-pointer,18,68-44,'PHO',leads
1332,1332,1332,200110300PHO,16.9,5.0,3rd quarter,6:03.0,Raef LaFrentz,DEN,False,2-pointer,7,68-46,'PHO',leads
1333,1333,1333,200110300PHO,41.6,5.0,3rd quarter,5:32.0,Scott Williams,DEN,False,2-pointer,18,68-48,'PHO',leads
1334,1334,1334,200110300PHO,31.7,23.6,3rd quarter,4:57.0,Nick Van,DEN,True,2-pointer,20,70-50,'PHO',leads
1335,1335,1335,200110300PHO,30.8,8.4,3rd quarter,4:33.0,Nick Van,DEN,False,2-pointer,8,70-50,'PHO',leads
1336,1336,1336,200110300PHO,4.7,4.8,3rd quarter,4:29.0,Tariq Abdul-Wahad,DEN,False,2-pointer,19,70-50,'PHO',leads
1337,1337,1337,200110300PHO,24.0,5.0,3rd quarter,3:57.0,Isaiah Rider,DEN,False,2-pointer,0,70-52,'PHO',leads
1338,1338,1338,200110300PHO,24.0,5.0,3rd quarter,3:56.0,Raef LaFrentz,DEN,False,2-pointer,0,70-52,'PHO',leads
1339,1339,1339,200110300PHO,40.7,7.3,3rd quarter,3:30.0,Nick Van,DEN,True,2-pointer,17,72-52,'PHO',leads
1340,1340,1340,200110300PHO,24.0,5.0,3rd quarter,2:34.0,Raef LaFrentz,DEN,True,2-pointer,0,74-53,'PHO',leads
1341,1341,1341,200110300PHO,8.9,4.8,3rd quarter,2:01.0,Raef LaFrentz,DEN,False,2-pointer,15,74-53,'PHO',leads
1342,1342,1342,200110300PHO,11.6,4.8,3rd quarter,1:20.0,Nick Van,DEN,False,2-pointer,12,74-55,'PHO',leads
1343,1343,1343,200110300PHO,24.0,5.0,3rd quarter,0:28.0,Tariq Abdul-Wahad,DEN,False,2-pointer,0,75-59,'PHO',leads
1344,1344,1344,200110300PHO,24.0,5.0,4th quarter,11:41.0,Avery Johnson,DEN,True,2-pointer,0,79-63,'PHO',leads
1345,1345,1345,200110300PHO,8.9,7.3,4th quarter,10:13.0,Nick Van,DEN,True,2-pointer,15,81-67,'PHO',leads
1346,1346,1346,200110300PHO,8.9,4.2,4th quarter,9:30.0,James Posey,DEN,False,2-pointer,15,81-67,'PHO',leads
1347,1347,1347,200110300PHO,24.0,5.0,4th quarter,8:53.0,Avery Johnson,DEN,True,2-pointer,0,83-69,'PHO',leads
1348,1348,1348,200110300PHO,40.7,4.2,4th quarter,8:18.0,Scott Williams,DEN,False,2-pointer,17,83-71,'PHO',leads
1349,1349,1349,200110300PHO,24.0,5.0,4th quarter,7:42.0,Avery Johnson,DEN,True,2-pointer,0,85-73,'PHO',leads
1350,1350,1350,200110300PHO,24.0,5.0,4th quarter,7:17.0,Avery Johnson,DEN,False,2-pointer,0,85-73,'PHO',leads
1351,1351,1351,200110300PHO,24.0,5.0,4th quarter,7:14.0,Scott Williams,DEN,True,2-pointer,0,87-73,'PHO',leads
1352,1352,1352,200110300PHO,13.9,18.5,4th quarter,6:36.0,Avery Johnson,DEN,False,2-pointer,17,87-73,'PHO',leads
1353,1353,1353,200110300PHO,1.1,3.7,4th quarter,6:13.0,George McCloud,DEN,False,3-pointer,23,87-73,'PHO',leads
1354,1354,1354,200110300PHO,34.4,20.2,4th quarter,5:34.0,George McCloud,DEN,False,2-pointer,18,87-75,'PHO',leads
1355,1355,1355,200110300PHO,24.0,5.0,4th quarter,5:32.0,James Posey,DEN,True,2-pointer,0,89-75,'PHO',leads
1356,1356,1356,200110300PHO,31.7,29.3,4th quarter,4:49.0,Nick Van,DEN,False,3-pointer,25,89-77,'PHO',leads
1357,1357,1357,200110300PHO,38.6,24.8,4th quarter,4:34.0,Nick Van,DEN,True,3-pointer,25,92-77,'PHO',leads
1358,1358,1358,200110300PHO,30.8,9.7,4th quarter,3:52.0,Nick Van,DEN,False,2-pointer,8,92-79,'PHO',leads
1359,1359,1359,200110300PHO,24.0,5.0,4th quarter,3:49.0,Scott Williams,DEN,False,2-pointer,0,92-79,'PHO',leads
1360,1360,1360,200110300PHO,4.7,10.7,4th quarter,3:14.0,Nick Van,DEN,False,2-pointer,20,92-81,'PHO',leads
1361,1361,1361,200110300PHO,24.0,5.0,4th quarter,2:58.0,Scott Williams,DEN,True,2-pointer,0,94-81,'PHO',leads
1362,1362,1362,200110300PHO,24.0,5.0,4th quarter,2:19.0,Nick Van,DEN,False,2-pointer,0,94-81,'PHO',leads
1363,1363,1363,200110300PHO,24.3,19.8,4th quarter,1:42.0,Nick Van,DEN,False,2-pointer,15,94-84,'PHO',leads
1364,1364,1364,200110300PHO,4.7,21.3,4th quarter,1:01.0,George McCloud,DEN,False,3-pointer,25,94-88,'PHO',leads
1365,1365,1365,200110300PHO,24.0,5.0,4th quarter,0:29.6,Nick Van,DEN,False,2-pointer,0,94-88,'PHO',leads
1366,1366,1366,200110300PHO,1.1,6.9,1st quarter,11:36.0,Stephon Marbury,PHO,False,3-pointer,23,0-0,'PHO',tied
1367,1367,1367,200110300PHO,24.0,5.0,1st quarter,11:14.0,Tom Gugliotta,PHO,True,2-pointer,0,2-0,'PHO',leads
1368,1368,1368,200110300PHO,35.9,19.8,1st quarter,10:32.0,Anfernee Hardaway,PHO,False,2-pointer,19,2-2,'PHO',tied
1369,1369,1369,200110300PHO,38.6,9.7,1st quarter,9:29.0,Shawn Marion,PHO,True,2-pointer,15,4-7,'PHO',trails
1370,1370,1370,200110300PHO,16.1,8.0,1st quarter,8:53.0,Tom Gugliotta,PHO,False,2-pointer,8,4-7,'PHO',trails
1371,1371,1371,200110300PHO,40.7,1.4,1st quarter,8:27.0,Tom Gugliotta,PHO,False,2-pointer,17,4-8,'PHO',trails
1372,1372,1372,200110300PHO,31.7,5.7,1st quarter,8:08.0,Anfernee Hardaway,PHO,False,2-pointer,8,4-8,'PHO',trails
1373,1373,1373,200110300PHO,11.6,26.3,1st quarter,7:58.0,Stephon Marbury,PHO,True,3-pointer,25,7-8,'PHO',trails
1374,1374,1374,200110300PHO,15.4,10.1,1st quarter,7:17.0,Shawn Marion,PHO,False,2-pointer,10,7-10,'PHO',trails
1375,1375,1375,200110300PHO,30.2,6.9,1st quarter,7:08.0,Stephon Marbury,PHO,False,2-pointer,6,7-10,'PHO',trails
1376,1376,1376,200110300PHO,47.3,13.0,1st quarter,6:50.0,Shawn Marion,PHO,True,3-pointer,25,10-10,'PHO',tied
1377,1377,1377,200110300PHO,41.6,5.0,1st quarter,6:08.0,Rodney Rogers,PHO,False,2-pointer,18,10-10,'PHO',tied
1378,1378,1378,200110300PHO,30.2,22.3,1st quarter,5:08.0,Rodney Rogers,PHO,False,2-pointer,18,10-13,'PHO',trails
1379,1379,1379,200110300PHO,8.9,14.1,1st quarter,4:01.0,Anfernee Hardaway,PHO,False,2-pointer,18,11-17,'PHO',trails
1380,1380,1380,200110300PHO,29.6,8.0,1st quarter,3:29.0,Stephon Marbury,PHO,False,2-pointer,6,11-19,'PHO',trails
1381,1381,1381,200110300PHO,15.4,7.3,1st quarter,2:43.0,Anfernee Hardaway,PHO,False,2-pointer,9,11-19,'PHO',trails
1382,1382,1382,200110300PHO,24.0,5.0,1st quarter,2:40.0,John Wallace,PHO,False,2-pointer,0,11-19,'PHO',trails
1383,1383,1383,200110300PHO,24.0,5.0,1st quarter,2:32.0,Alton Ford,PHO,True,2-pointer,0,13-19,'PHO',trails
1384,1384,1384,200110300PHO,21.7,13.5,1st quarter,0:46.9,John Wallace,PHO,False,2-pointer,9,13-23,'PHO',trails
1385,1385,1385,200110300PHO,21.7,29.7,1st quarter,0:21.4,Tony Delk,PHO,True,3-pointer,25,16-23,'PHO',trails
1386,1386,1386,200110300PHO,20.3,36.4,1st quarter,0:00.0,Tony Delk,PHO,False,3-pointer,32,16-25,'PHO',trails
1387,1387,1387,200110300PHO,38.6,23.6,2nd quarter,10:49.0,Tony Delk,PHO,False,2-pointer,24,18-27,'PHO',trails
1388,1388,1388,200110300PHO,11.6,9.0,2nd quarter,10:23.0,Alton Ford,PHO,False,2-pointer,13,18-27,'PHO',trails
1389,1389,1389,200110300PHO,24.0,5.0,2nd quarter,9:57.0,Alton Ford,PHO,True,2-pointer,0,20-27,'PHO',trails
1390,1390,1390,200110300PHO,7.4,22.9,2nd quarter,8:55.0,Tony Delk,PHO,False,3-pointer,24,20-29,'PHO',trails
1391,1391,1391,200110300PHO,1.1,3.7,2nd quarter,8:23.0,Jud Buechler,PHO,False,3-pointer,23,20-31,'PHO',trails
1392,1392,1392,200110300PHO,8.9,5.7,2nd quarter,6:44.0,Shawn Marion,PHO,True,2-pointer,15,24-35,'PHO',trails
1393,1393,1393,200110300PHO,24.0,5.0,2nd quarter,6:13.0,John Wallace,PHO,True,2-pointer,0,26-35,'PHO',trails
1394,1394,1394,200110300PHO,35.9,10.1,2nd quarter,5:35.0,Shawn Marion,PHO,False,2-pointer,13,26-37,'PHO',trails
1395,1395,1395,200110300PHO,10.4,10.7,2nd quarter,5:06.0,John Wallace,PHO,True,2-pointer,15,28-40,'PHO',trails
1396,1396,1396,200110300PHO,24.0,5.0,2nd quarter,4:14.0,Stephon Marbury,PHO,False,2-pointer,0,28-44,'PHO',trails
1397,1397,1397,200110300PHO,16.1,4.8,2nd quarter,3:32.0,Shawn Marion,PHO,False,2-pointer,8,28-44,'PHO',trails
1398,1398,1398,200110300PHO,24.0,5.0,2nd quarter,3:30.0,Jake Voskuhl,PHO,True,2-pointer,0,30-44,'PHO',trails
1399,1399,1399,200110300PHO,23.9,23.6,2nd quarter,2:54.0,Tom Gugliotta,PHO,True,2-pointer,19,32-45,'PHO',trails
1400,1400,1400,200110300PHO,24.0,5.0,2nd quarter,2:30.0,Shawn Marion,PHO,True,2-pointer,0,34-45,'PHO',trails
1401,1401,1401,200110300PHO,29.6,11.8,2nd quarter,1:51.0,Shawn Marion,PHO,False,2-pointer,9,34-47,'PHO',trails
1402,1402,1402,200110300PHO,24.0,5.0,2nd quarter,1:50.0,Shawn Marion,PHO,False,2-pointer,0,34-47,'PHO',trails
1403,1403,1403,200110300PHO,18.2,5.7,2nd quarter,1:48.0,Tom Gugliotta,PHO,True,2-pointer,6,36-47,'PHO',trails
1404,1404,1404,200110300PHO,24.0,5.0,2nd quarter,1:18.0,Anfernee Hardaway,PHO,False,2-pointer,0,36-50,'PHO',trails
1405,1405,1405,200110300PHO,3.8,3.1,2nd quarter,0:48.1,Anfernee Hardaway,PHO,False,2-pointer,20,36-52,'PHO',trails
1406,1406,1406,200110300PHO,8.3,9.0,2nd quarter,0:30.3,Tom Gugliotta,PHO,False,2-pointer,16,36-54,'PHO',trails
1407,1407,1407,200110300PHO,24.0,5.0,3rd quarter,11:00.0,Rodney Rogers,PHO,True,2-pointer,0,38-59,'PHO',trails
1408,1408,1408,200110300PHO,35.0,26.9,3rd quarter,10:35.0,Rodney Rogers,PHO,False,3-pointer,25,38-61,'PHO',trails
1409,1409,1409,200110300PHO,39.3,5.7,3rd quarter,10:00.0,Stephon Marbury,PHO,False,2-pointer,15,38-61,'PHO',trails
1410,1410,1410,200110300PHO,24.0,5.0,3rd quarter,9:12.0,Stephon Marbury,PHO,False,2-pointer,0,38-61,'PHO',trails
1411,1411,1411,200110300PHO,24.3,29.7,3rd quarter,8:46.0,Tony Delk,PHO,False,3-pointer,25,40-61,'PHO',trails
1412,1412,1412,200110300PHO,27.2,22.9,3rd quarter,8:23.0,Shawn Marion,PHO,False,2-pointer,18,40-61,'PHO',trails
1413,1413,1413,200110300PHO,12.5,21.3,3rd quarter,7:31.0,Shawn Marion,PHO,True,2-pointer,20,42-64,'PHO',trails
1414,1414,1414,200110300PHO,24.0,5.0,3rd quarter,7:07.0,Tony Delk,PHO,False,2-pointer,0,42-66,'PHO',trails
1415,1415,1415,200110300PHO,29.6,13.5,3rd quarter,7:03.0,Rodney Rogers,PHO,False,2-pointer,10,42-66,'PHO',trails
1416,1416,1416,200110300PHO,24.0,5.0,3rd quarter,6:51.0,Tony Delk,PHO,True,2-pointer,0,44-66,'PHO',trails
1417,1417,1417,200110300PHO,24.0,5.0,3rd quarter,6:21.0,Stephon Marbury,PHO,True,2-pointer,0,46-68,'PHO',trails
1418,1418,1418,200110300PHO,13.1,20.2,3rd quarter,5:20.0,Shawn Marion,PHO,True,2-pointer,19,50-68,'PHO',trails
1419,1419,1419,200110300PHO,26.4,12.4,3rd quarter,4:47.0,Stephon Marbury,PHO,False,2-pointer,8,50-70,'PHO',trails
1420,1420,1420,200110300PHO,23.9,11.8,3rd quarter,3:09.0,Shawn Marion,PHO,False,2-pointer,7,52-72,'PHO',trails
1421,1421,1421,200110300PHO,24.0,5.0,3rd quarter,1:45.0,Shawn Marion,PHO,True,2-pointer,0,55-74,'PHO',trails
1422,1422,1422,200110300PHO,24.0,5.0,3rd quarter,1:12.0,John Wallace,PHO,True,2-pointer,0,57-74,'PHO',trails
1423,1423,1423,200110300PHO,24.0,5.0,3rd quarter,0:38.0,Tony Delk,PHO,True,2-pointer,0,59-75,'PHO',trails
1424,1424,1424,200110300PHO,24.0,5.0,3rd quarter,0:09.9,John Wallace,PHO,True,2-pointer,0,63-75,'PHO',trails
1425,1425,1425,200110300PHO,37.2,6.3,3rd quarter,0:04.4,Shawn Marion,PHO,False,2-pointer,13,63-75,'PHO',trails
1426,1426,1426,200110300PHO,24.0,5.0,4th quarter,11:19.0,Tony Delk,PHO,True,2-pointer,0,65-79,'PHO',trails
1427,1427,1427,200110300PHO,19.0,20.2,4th quarter,10:39.0,John Wallace,PHO,True,2-pointer,16,67-79,'PHO',trails
1428,1428,1428,200110300PHO,43.1,21.3,4th quarter,9:50.0,Charlie Bell,PHO,False,3-pointer,25,67-81,'PHO',trails
1429,1429,1429,200110300PHO,24.0,5.0,4th quarter,9:13.0,John Wallace,PHO,True,2-pointer,0,69-81,'PHO',trails
1430,1430,1430,200110300PHO,38.6,9.0,4th quarter,8:34.0,John Wallace,PHO,True,2-pointer,15,71-83,'PHO',trails
1431,1431,1431,200110300PHO,40.1,5.0,4th quarter,8:04.0,Tony Delk,PHO,True,2-pointer,16,73-83,'PHO',trails
1432,1432,1432,200110300PHO,21.1,29.3,4th quarter,7:32.0,Tony Delk,PHO,False,3-pointer,24,73-85,'PHO',trails
1433,1433,1433,200110300PHO,24.0,5.0,4th quarter,6:27.0,Tony Delk,PHO,False,2-pointer,0,73-87,'PHO',trails
1434,1434,1434,200110300PHO,16.1,20.8,4th quarter,5:54.0,Tom Gugliotta,PHO,True,2-pointer,18,75-87,'PHO',trails
1435,1435,1435,200110300PHO,35.0,16.4,4th quarter,5:08.0,Tony Delk,PHO,False,2-pointer,16,75-89,'PHO',trails
1436,1436,1436,200110300PHO,40.7,10.1,4th quarter,4:26.0,Shawn Marion,PHO,True,2-pointer,17,79-92,'PHO',trails
1437,1437,1437,200110300PHO,24.0,5.0,4th quarter,3:41.0,Jake Voskuhl,PHO,True,2-pointer,0,81-92,'PHO',trails
1438,1438,1438,200110300PHO,1.7,5.0,4th quarter,2:10.0,Shawn Marion,PHO,True,3-pointer,22,84-94,'PHO',trails
1439,1439,1439,200110300PHO,24.0,5.0,4th quarter,1:33.0,Jake Voskuhl,PHO,True,2-pointer,0,86-94,'PHO',trails
1440,1440,1440,200110300PHO,29.6,8.0,4th quarter,1:23.0,Tony Delk,PHO,True,2-pointer,6,88-94,'PHO',trails
1441,1441,1441,200110300PHO,1.7,5.0,4th quarter,0:17.0,Tony Delk,PHO,True,3-pointer,22,91-96,'PHO',trails
1442,1442,1442,200110300PHO,24.0,5.0,4th quarter,0:09.1,Stephon Marbury,PHO,True,2-pointer,0,93-98,'PHO',trails
1443,1443,1443,200110300PHO,38.6,31.4,4th quarter,0:00.6,Stephon Marbury,PHO,True,3-pointer,30,96-99,'PHO',trails
1444,1444,1444,200110300SAC,4.5,7.8,1st quarter,11:28.0,Brent Barry,SEA,True,2-pointer,20,2-2,'SEA',tied
1445,1445,1445,200110300SAC,44.5,11.6,1st quarter,11:02.0,Rashard Lewis,SEA,False,2-pointer,22,2-2,'SEA',tied
1446,1446,1446,200110300SAC,28.3,5.7,1st quarter,10:53.0,Rashard Lewis,SEA,True,2-pointer,4,4-2,'SEA',leads
1447,1447,1447,200110300SAC,7.2,7.8,1st quarter,10:14.0,Brent Barry,SEA,False,2-pointer,17,4-4,'SEA',tied
1448,1448,1448,200110300SAC,0.9,4.2,1st quarter,9:40.0,Gary Payton,SEA,False,3-pointer,23,4-6,'SEA',trails
1449,1449,1449,200110300SAC,6.4,8.4,1st quarter,9:12.0,Gary Payton,SEA,True,2-pointer,18,6-8,'SEA',trails
1450,1450,1450,200110300SAC,7.8,12.2,1st quarter,8:36.0,Gary Payton,SEA,False,2-pointer,18,6-10,'SEA',trails
1451,1451,1451,200110300SAC,43.9,5.7,1st quarter,8:06.0,Rashard Lewis,SEA,True,2-pointer,20,8-12,'SEA',trails
1452,1452,1452,200110300SAC,19.2,3.7,1st quarter,7:23.0,Vin Baker,SEA,False,2-pointer,5,8-14,'SEA',trails
1453,1453,1453,200110300SAC,24.0,5.0,1st quarter,7:19.0,Vin Baker,SEA,False,2-pointer,0,8-14,'SEA',trails
1454,1454,1454,200110300SAC,39.0,13.9,1st quarter,6:58.0,Vin Baker,SEA,False,2-pointer,17,8-14,'SEA',trails
1455,1455,1455,200110300SAC,40.9,22.1,1st quarter,6:05.0,Vladimir Radmanović,SEA,True,3-pointer,24,11-16,'SEA',trails
1456,1456,1456,200110300SAC,40.3,5.0,1st quarter,5:36.0,Calvin Booth,SEA,True,2-pointer,16,13-16,'SEA',trails
1457,1457,1457,200110300SAC,20.7,6.3,1st quarter,5:09.0,Vladimir Radmanović,SEA,False,2-pointer,4,13-16,'SEA',trails
1458,1458,1458,200110300SAC,1.5,6.3,1st quarter,5:00.0,Vladimir Radmanović,SEA,False,3-pointer,23,13-16,'SEA',trails
1459,1459,1459,200110300SAC,29.8,7.3,1st quarter,4:25.0,Brent Barry,SEA,False,2-pointer,6,13-18,'SEA',trails
1460,1460,1460,200110300SAC,10.8,7.3,1st quarter,3:39.0,Rashard Lewis,SEA,False,2-pointer,13,13-20,'SEA',trails
1461,1461,1461,200110300SAC,20.7,6.3,1st quarter,2:59.0,Jerome James,SEA,True,2-pointer,4,15-20,'SEA',trails
1462,1462,1462,200110300SAC,36.1,18.7,1st quarter,1:50.0,Gary Payton,SEA,False,2-pointer,18,16-20,'SEA',trails
1463,1463,1463,200110300SAC,3.0,17.7,1st quarter,1:16.0,Vladimir Radmanović,SEA,True,3-pointer,25,19-22,'SEA',trails
1464,1464,1464,200110300SAC,22.8,29.3,1st quarter,0:42.9,Gary Payton,SEA,False,3-pointer,24,19-24,'SEA',trails
1465,1465,1465,200110300SAC,17.1,7.3,1st quarter,0:35.6,Jerome James,SEA,True,2-pointer,7,21-24,'SEA',trails
1466,1466,1466,200110300SAC,17.7,4.2,1st quarter,0:00.9,Vladimir Radmanović,SEA,False,2-pointer,6,21-27,'SEA',trails
1467,1467,1467,200110300SAC,7.8,5.7,2nd quarter,11:21.0,Jerome James,SEA,False,2-pointer,16,21-29,'SEA',trails
1468,1468,1468,200110300SAC,24.0,5.0,2nd quarter,11:02.0,Jerome James,SEA,True,2-pointer,0,23-29,'SEA',trails
1469,1469,1469,200110300SAC,23.6,7.8,2nd quarter,10:27.0,Jerome James,SEA,True,2-pointer,3,25-29,'SEA',trails
1470,1470,1470,200110300SAC,40.9,20.0,2nd quarter,9:58.0,Brent Barry,SEA,False,2-pointer,23,25-29,'SEA',trails
1471,1471,1471,200110300SAC,22.8,13.5,2nd quarter,8:55.0,Earl Watson,SEA,False,2-pointer,9,27-31,'SEA',trails
1472,1472,1472,200110300SAC,28.9,4.8,2nd quarter,8:34.0,Vin Baker,SEA,False,2-pointer,5,27-33,'SEA',trails
1473,1473,1473,200110300SAC,22.8,23.8,2nd quarter,7:54.0,Vin Baker,SEA,True,2-pointer,19,29-35,'SEA',trails
1474,1474,1474,200110300SAC,7.2,22.1,2nd quarter,7:19.0,Rashard Lewis,SEA,False,3-pointer,24,29-35,'SEA',trails
1475,1475,1475,200110300SAC,6.4,12.2,2nd quarter,4:54.0,Gary Payton,SEA,False,2-pointer,19,33-37,'SEA',trails
1476,1476,1476,200110300SAC,25.6,10.5,2nd quarter,4:24.0,Gary Payton,SEA,True,2-pointer,6,35-39,'SEA',trails
1477,1477,1477,200110300SAC,19.2,7.8,2nd quarter,4:06.0,Vin Baker,SEA,True,2-pointer,6,37-40,'SEA',trails
1478,1478,1478,200110300SAC,8.7,16.6,2nd quarter,3:22.0,Gary Payton,SEA,False,2-pointer,19,39-40,'SEA',trails
1479,1479,1479,200110300SAC,5.7,18.3,2nd quarter,2:56.0,Brent Barry,SEA,True,2-pointer,23,41-42,'SEA',trails
1480,1480,1480,200110300SAC,24.0,5.0,2nd quarter,2:06.0,Art Long,SEA,True,2-pointer,0,46-43,'SEA',leads
1481,1481,1481,200110300SAC,5.7,12.8,2nd quarter,1:30.0,Vin Baker,SEA,True,2-pointer,20,48-45,'SEA',leads
1482,1482,1482,200110300SAC,6.4,16.6,2nd quarter,0:40.9,Vin Baker,SEA,False,2-pointer,21,48-48,'SEA',tied
1483,1483,1483,200110300SAC,24.0,5.0,2nd quarter,0:38.9,Art Long,SEA,False,2-pointer,0,48-48,'SEA',tied
1484,1484,1484,200110300SAC,34.8,16.6,2nd quarter,0:13.9,Desmond Mason,SEA,False,2-pointer,16,48-50,'SEA',trails
1485,1485,1485,200110300SAC,16.5,28.0,3rd quarter,11:44.0,Brent Barry,SEA,True,3-pointer,24,51-52,'SEA',trails
1486,1486,1486,200110300SAC,39.0,4.2,3rd quarter,11:14.0,Vin Baker,SEA,False,2-pointer,15,51-52,'SEA',trails
1487,1487,1487,200110300SAC,40.9,23.1,3rd quarter,10:43.0,Gary Payton,SEA,False,3-pointer,25,51-52,'SEA',trails
1488,1488,1488,200110300SAC,25.6,20.0,3rd quarter,10:00.0,Gary Payton,SEA,False,2-pointer,15,51-55,'SEA',trails
1489,1489,1489,200110300SAC,26.8,9.7,3rd quarter,9:31.0,Vin Baker,SEA,True,2-pointer,5,53-57,'SEA',trails
1490,1490,1490,200110300SAC,24.0,5.0,3rd quarter,9:11.0,Brent Barry,SEA,False,2-pointer,0,53-57,'SEA',trails
1491,1491,1491,200110300SAC,22.2,24.2,3rd quarter,8:46.0,Vin Baker,SEA,True,2-pointer,19,55-59,'SEA',trails
1492,1492,1492,200110300SAC,20.7,24.8,3rd quarter,8:20.0,Vin Baker,SEA,False,2-pointer,20,55-61,'SEA',trails
1493,1493,1493,200110300SAC,24.0,5.0,3rd quarter,8:17.0,Vin Baker,SEA,True,2-pointer,0,57-61,'SEA',trails
1494,1494,1494,200110300SAC,13.5,26.5,3rd quarter,7:10.0,Vladimir Radmanović,SEA,False,3-pointer,24,57-61,'SEA',trails
1495,1495,1495,200110300SAC,17.1,10.5,3rd quarter,7:07.0,Calvin Booth,SEA,True,2-pointer,9,59-61,'SEA',trails
1496,1496,1496,200110300SAC,4.5,6.7,3rd quarter,6:21.0,Gary Payton,SEA,False,2-pointer,20,59-61,'SEA',trails
1497,1497,1497,200110300SAC,25.6,24.2,3rd quarter,5:24.0,Calvin Booth,SEA,True,2-pointer,19,63-63,'SEA',tied
1498,1498,1498,200110300SAC,29.8,24.2,3rd quarter,4:43.0,Calvin Booth,SEA,False,2-pointer,20,63-65,'SEA',trails
1499,1499,1499,200110300SAC,17.7,5.7,3rd quarter,4:09.0,Gary Payton,SEA,False,2-pointer,6,63-65,'SEA',trails
1500,1500,1500,200110300SAC,38.2,15.6,3rd quarter,4:02.0,Desmond Mason,SEA,True,2-pointer,18,65-65,'SEA',tied
1501,1501,1501,200110300SAC,34.8,26.5,3rd quarter,3:25.0,Gary Payton,SEA,True,3-pointer,24,68-65,'SEA',leads
1502,1502,1502,200110300SAC,26.8,24.2,3rd quarter,2:50.0,Calvin Booth,SEA,True,2-pointer,19,70-67,'SEA',leads
1503,1503,1503,200110300SAC,40.9,13.5,3rd quarter,1:47.0,Desmond Mason,SEA,False,2-pointer,19,70-72,'SEA',trails
1504,1504,1504,200110300SAC,24.1,14.9,3rd quarter,1:20.0,Gary Payton,SEA,True,2-pointer,10,72-72,'SEA',tied
1505,1505,1505,200110300SAC,36.1,6.3,3rd quarter,0:40.9,Desmond Mason,SEA,False,2-pointer,12,72-76,'SEA',trails
1506,1506,1506,200110300SAC,24.0,5.0,3rd quarter,0:38.9,Art Long,SEA,False,2-pointer,0,72-76,'SEA',trails
1507,1507,1507,200110300SAC,43.1,10.5,3rd quarter,0:25.9,Earl Watson,SEA,False,2-pointer,20,72-79,'SEA',trails
1508,1508,1508,200110300SAC,23.6,10.5,4th quarter,11:30.0,Jerome James,SEA,True,2-pointer,6,74-81,'SEA',trails
1509,1509,1509,200110300SAC,39.7,6.7,4th quarter,11:03.0,Brent Barry,SEA,True,2-pointer,16,76-81,'SEA',trails
1510,1510,1510,200110300SAC,30.4,7.3,4th quarter,10:31.0,Vin Baker,SEA,True,2-pointer,7,78-81,'SEA',trails
1511,1511,1511,200110300SAC,25.6,5.0,4th quarter,9:54.0,Earl Watson,SEA,True,2-pointer,2,80-84,'SEA',trails
1512,1512,1512,200110300SAC,19.2,23.8,4th quarter,9:24.0,Vin Baker,SEA,True,2-pointer,19,82-84,'SEA',trails
1513,1513,1513,200110300SAC,23.6,11.1,4th quarter,8:50.0,Vin Baker,SEA,True,2-pointer,6,84-84,'SEA',tied
1514,1514,1514,200110300SAC,4.5,5.0,4th quarter,8:15.0,Desmond Mason,SEA,False,2-pointer,20,84-86,'SEA',trails
1515,1515,1515,200110300SAC,21.3,4.8,4th quarter,8:02.0,Gary Payton,SEA,False,2-pointer,3,84-86,'SEA',trails
1516,1516,1516,200110300SAC,17.7,15.6,4th quarter,7:25.0,Jerome James,SEA,False,2-pointer,12,84-86,'SEA',trails
1517,1517,1517,200110300SAC,37.6,17.7,4th quarter,6:52.0,Gary Payton,SEA,False,2-pointer,19,84-86,'SEA',trails
1518,1518,1518,200110300SAC,39.7,9.7,4th quarter,6:15.0,Vin Baker,SEA,True,2-pointer,16,86-89,'SEA',trails
1519,1519,1519,200110300SAC,36.1,10.1,4th quarter,5:07.0,Jerome James,SEA,False,2-pointer,13,86-91,'SEA',trails
1520,1520,1520,200110300SAC,24.0,5.0,4th quarter,4:29.0,Jerome James,SEA,False,2-pointer,0,86-93,'SEA',trails
1521,1521,1521,200110300SAC,24.1,29.3,4th quarter,3:56.0,Brent Barry,SEA,True,3-pointer,24,89-95,'SEA',trails
1522,1522,1522,200110300SAC,28.3,21.5,4th quarter,3:21.0,Desmond Mason,SEA,False,2-pointer,17,89-95,'SEA',trails
1523,1523,1523,200110300SAC,9.3,16.2,4th quarter,2:34.0,Gary Payton,SEA,False,2-pointer,18,91-95,'SEA',trails
1524,1524,1524,200110300SAC,28.3,10.5,4th quarter,2:20.0,Calvin Booth,SEA,False,2-pointer,7,91-96,'SEA',trails
1525,1525,1525,200110300SAC,29.6,16.2,4th quarter,2:14.0,Calvin Booth,SEA,False,2-pointer,13,91-96,'SEA',trails
1526,1526,1526,200110300SAC,24.0,5.0,4th quarter,1:15.0,Gary Payton,SEA,True,2-pointer,0,93-98,'SEA',trails
1527,1527,1527,200110300SAC,24.0,5.0,4th quarter,0:13.1,Brent Barry,SEA,True,2-pointer,0,95-100,'SEA',trails
1528,1528,1528,200110300SAC,39.0,24.2,4th quarter,0:06.9,Vladimir Radmanović,SEA,False,3-pointer,24,95-101,'SEA',trails
1529,1529,1529,200110300SAC,26.8,9.0,1st quarter,11:47.0,Scot Pollard,SAC,True,2-pointer,5,2-0,'SEA',leads
1530,1530,1530,200110300SAC,41.8,21.5,1st quarter,11:10.0,Peja Stojaković,SAC,False,3-pointer,24,2-2,'SEA',tied
1531,1531,1531,200110300SAC,25.6,10.1,1st quarter,10:34.0,Vlade Divac,SAC,False,2-pointer,5,2-4,'SEA',trails
1532,1532,1532,200110300SAC,22.2,5.0,1st quarter,10:29.0,Vlade Divac,SAC,True,2-pointer,2,4-4,'SEA',tied
1533,1533,1533,200110300SAC,24.0,5.0,1st quarter,10:03.0,Peja Stojaković,SAC,True,2-pointer,0,6-4,'SEA',leads
1534,1534,1534,200110300SAC,44.5,6.7,1st quarter,9:28.0,Mike Bibby,SAC,True,2-pointer,21,8-4,'SEA',leads
1535,1535,1535,200110300SAC,40.9,4.8,1st quarter,8:57.0,Peja Stojaković,SAC,True,2-pointer,17,10-6,'SEA',leads
1536,1536,1536,200110300SAC,9.3,23.8,1st quarter,8:28.0,Doug Christie,SAC,False,3-pointer,24,10-6,'SEA',leads
1537,1537,1537,200110300SAC,24.0,5.0,1st quarter,8:25.0,Peja Stojaković,SAC,True,2-pointer,0,12-6,'SEA',leads
1538,1538,1538,200110300SAC,5.7,4.2,1st quarter,7:49.0,Peja Stojaković,SAC,True,2-pointer,18,14-8,'SEA',leads
1539,1539,1539,200110300SAC,7.8,9.7,1st quarter,7:33.0,Peja Stojaković,SAC,False,2-pointer,17,14-8,'SEA',leads
1540,1540,1540,200110300SAC,24.0,5.0,1st quarter,7:14.0,Scot Pollard,SAC,False,2-pointer,0,14-8,'SEA',leads
1541,1541,1541,200110300SAC,21.3,5.0,1st quarter,6:53.0,Scot Pollard,SAC,False,2-pointer,3,14-8,'SEA',leads
1542,1542,1542,200110300SAC,24.0,5.0,1st quarter,6:25.0,Peja Stojaković,SAC,True,2-pointer,0,16-8,'SEA',leads
1543,1543,1543,200110300SAC,25.6,9.7,1st quarter,5:48.0,Peja Stojaković,SAC,False,2-pointer,5,16-11,'SEA',leads
1544,1544,1544,200110300SAC,23.6,23.8,1st quarter,5:20.0,Vlade Divac,SAC,False,2-pointer,19,16-13,'SEA',leads
1545,1545,1545,200110300SAC,24.0,5.0,1st quarter,4:41.0,Vlade Divac,SAC,True,2-pointer,0,18-13,'SEA',leads
1546,1546,1546,200110300SAC,24.1,10.1,1st quarter,4:14.0,Vlade Divac,SAC,False,2-pointer,5,18-13,'SEA',leads
1547,1547,1547,200110300SAC,28.9,6.3,1st quarter,4:11.0,Vlade Divac,SAC,True,2-pointer,5,20-13,'SEA',leads
1548,1548,1548,200110300SAC,8.7,16.6,1st quarter,3:35.0,Mike Bibby,SAC,False,2-pointer,19,20-13,'SEA',leads
1549,1549,1549,200110300SAC,46.8,5.0,1st quarter,2:04.0,Peja Stojaković,SAC,False,3-pointer,23,20-16,'SEA',leads
1550,1550,1550,200110300SAC,39.7,5.7,1st quarter,1:34.0,Hedo Türkoğlu,SAC,True,2-pointer,16,22-16,'SEA',leads
1551,1551,1551,200110300SAC,24.0,5.0,1st quarter,0:56.8,Vlade Divac,SAC,True,2-pointer,0,24-19,'SEA',leads
1552,1552,1552,200110300SAC,6.4,21.0,1st quarter,0:17.3,Bobby Jackson,SAC,True,3-pointer,24,27-21,'SEA',leads
1553,1553,1553,200110300SAC,24.0,5.0,2nd quarter,11:42.0,Hedo Türkoğlu,SAC,True,2-pointer,0,29-21,'SEA',leads
1554,1554,1554,200110300SAC,1.5,5.0,2nd quarter,11:09.0,Peja Stojaković,SAC,False,3-pointer,23,29-21,'SEA',leads
1555,1555,1555,200110300SAC,16.5,27.6,2nd quarter,10:08.0,Hedo Türkoğlu,SAC,False,3-pointer,24,29-25,'SEA',leads
1556,1556,1556,200110300SAC,35.5,13.9,2nd quarter,9:34.0,Hedo Türkoğlu,SAC,False,2-pointer,15,29-25,'SEA',leads
1557,1557,1557,200110300SAC,24.0,5.0,2nd quarter,9:14.0,Scot Pollard,SAC,True,2-pointer,0,31-27,'SEA',leads
1558,1558,1558,200110300SAC,13.5,7.3,2nd quarter,8:17.0,Hedo Türkoğlu,SAC,True,2-pointer,11,35-27,'SEA',leads
1559,1559,1559,200110300SAC,25.6,29.7,2nd quarter,7:41.0,Peja Stojaković,SAC,False,3-pointer,25,35-29,'SEA',leads
1560,1560,1560,200110300SAC,47.5,5.7,2nd quarter,7:08.0,Hedo Türkoğlu,SAC,False,3-pointer,24,35-29,'SEA',leads
1561,1561,1561,200110300SAC,17.7,6.7,2nd quarter,6:35.0,Hedo Türkoğlu,SAC,False,2-pointer,7,35-29,'SEA',leads
1562,1562,1562,200110300SAC,12.3,22.1,2nd quarter,6:11.0,Mike Bibby,SAC,False,2-pointer,21,35-29,'SEA',leads
1563,1563,1563,200110300SAC,30.4,9.0,2nd quarter,6:05.0,Doug Christie,SAC,False,2-pointer,8,35-29,'SEA',leads
1564,1564,1564,200110300SAC,10.8,21.0,2nd quarter,5:59.0,Peja Stojaković,SAC,False,2-pointer,21,35-29,'SEA',leads
1565,1565,1565,200110300SAC,17.1,10.5,2nd quarter,5:36.0,Mike Bibby,SAC,False,2-pointer,9,35-31,'SEA',leads
1566,1566,1566,200110300SAC,24.1,11.1,2nd quarter,5:05.0,Vlade Divac,SAC,False,2-pointer,6,35-33,'SEA',leads
1567,1567,1567,200110300SAC,24.0,5.0,2nd quarter,5:03.0,Gerald Wallace,SAC,True,2-pointer,0,37-33,'SEA',leads
1568,1568,1568,200110300SAC,41.8,16.6,2nd quarter,4:46.0,Doug Christie,SAC,True,2-pointer,21,39-33,'SEA',leads
1569,1569,1569,200110300SAC,30.4,23.8,2nd quarter,3:52.0,Mike Bibby,SAC,False,2-pointer,20,40-37,'SEA',leads
1570,1570,1570,200110300SAC,1.5,10.1,2nd quarter,3:47.0,Doug Christie,SAC,False,3-pointer,23,40-37,'SEA',leads
1571,1571,1571,200110300SAC,25.6,5.7,2nd quarter,2:46.0,Vlade Divac,SAC,False,2-pointer,2,42-41,'SEA',leads
1572,1572,1572,200110300SAC,24.0,5.0,2nd quarter,2:43.0,Vlade Divac,SAC,False,2-pointer,0,42-41,'SEA',leads
1573,1573,1573,200110300SAC,22.8,7.8,2nd quarter,1:47.0,Scot Pollard,SAC,True,2-pointer,3,45-46,'SEA',trails
1574,1574,1574,200110300SAC,26.8,9.0,2nd quarter,1:07.0,Vlade Divac,SAC,True,2-pointer,5,48-48,'SEA',tied
1575,1575,1575,200110300SAC,24.0,5.0,2nd quarter,0:35.5,Vlade Divac,SAC,True,2-pointer,0,50-48,'SEA',leads
1576,1576,1576,200110300SAC,0.9,7.3,3rd quarter,11:27.0,Doug Christie,SAC,False,3-pointer,23,52-51,'SEA',leads
1577,1577,1577,200110300SAC,23.6,25.5,3rd quarter,11:01.0,Doug Christie,SAC,False,2-pointer,21,52-51,'SEA',leads
1578,1578,1578,200110300SAC,35.5,26.9,3rd quarter,10:26.0,Peja Stojaković,SAC,True,3-pointer,25,55-51,'SEA',leads
1579,1579,1579,200110300SAC,19.2,20.0,3rd quarter,9:49.0,Mike Bibby,SAC,True,2-pointer,16,57-51,'SEA',leads
1580,1580,1580,200110300SAC,43.9,15.6,3rd quarter,9:17.0,Peja Stojaković,SAC,False,2-pointer,23,57-53,'SEA',leads
1581,1581,1581,200110300SAC,24.0,5.0,3rd quarter,9:05.0,Vlade Divac,SAC,True,2-pointer,0,59-53,'SEA',leads
1582,1582,1582,200110300SAC,24.0,5.0,3rd quarter,8:37.0,Vlade Divac,SAC,True,2-pointer,0,61-55,'SEA',leads
1583,1583,1583,200110300SAC,4.5,6.7,3rd quarter,8:04.0,Mike Bibby,SAC,False,2-pointer,20,61-57,'SEA',leads
1584,1584,1584,200110300SAC,46.0,16.6,3rd quarter,7:18.0,Doug Christie,SAC,False,3-pointer,25,61-57,'SEA',leads
1585,1585,1585,200110300SAC,0.9,13.5,3rd quarter,6:14.0,Peja Stojaković,SAC,False,3-pointer,25,61-59,'SEA',leads
1586,1586,1586,200110300SAC,3.6,17.7,3rd quarter,6:09.0,Peja Stojaković,SAC,False,3-pointer,24,61-59,'SEA',leads
1587,1587,1587,200110300SAC,24.0,5.0,3rd quarter,5:46.0,Peja Stojaković,SAC,True,2-pointer,0,63-61,'SEA',leads
1588,1588,1588,200110300SAC,21.3,5.0,3rd quarter,4:59.0,Scot Pollard,SAC,False,2-pointer,3,63-63,'SEA',tied
1589,1589,1589,200110300SAC,24.0,5.0,3rd quarter,4:58.0,Vlade Divac,SAC,True,2-pointer,0,65-63,'SEA',leads
1590,1590,1590,200110300SAC,41.8,22.7,3rd quarter,4:34.0,Doug Christie,SAC,False,3-pointer,25,65-63,'SEA',leads
1591,1591,1591,200110300SAC,20.7,20.4,3rd quarter,4:20.0,Mike Bibby,SAC,False,2-pointer,16,65-63,'SEA',leads
1592,1592,1592,200110300SAC,30.4,28.6,3rd quarter,3:36.0,Doug Christie,SAC,False,3-pointer,24,65-65,'SEA',tied
1593,1593,1593,200110300SAC,12.9,20.4,3rd quarter,3:10.0,Mike Bibby,SAC,True,2-pointer,19,67-68,'SEA',trails
1594,1594,1594,200110300SAC,1.5,13.9,3rd quarter,2:09.0,Hedo Türkoğlu,SAC,True,3-pointer,24,72-70,'SEA',leads
1595,1595,1595,200110300SAC,30.4,5.0,3rd quarter,1:40.0,Doug Christie,SAC,False,2-pointer,6,72-70,'SEA',leads
1596,1596,1596,200110300SAC,6.4,11.6,3rd quarter,1:03.0,Mike Bibby,SAC,True,2-pointer,19,74-72,'SEA',leads
1597,1597,1597,200110300SAC,24.0,5.0,3rd quarter,0:52.2,Bobby Jackson,SAC,True,2-pointer,0,76-72,'SEA',leads
1598,1598,1598,200110300SAC,24.0,5.0,3rd quarter,0:33.2,Mike Bibby,SAC,True,2-pointer,0,78-72,'SEA',leads
1599,1599,1599,200110300SAC,7.8,13.5,3rd quarter,0:02.9,Mike Bibby,SAC,True,2-pointer,18,81-72,'SEA',leads
1600,1600,1600,200110300SAC,40.3,5.7,4th quarter,10:46.0,Hedo Türkoğlu,SAC,False,2-pointer,16,81-76,'SEA',leads
1601,1601,1601,200110300SAC,24.1,11.1,4th quarter,10:10.0,Vlade Divac,SAC,True,2-pointer,6,84-78,'SEA',leads
1602,1602,1602,200110300SAC,24.0,5.0,4th quarter,9:31.0,Vlade Divac,SAC,False,2-pointer,0,84-80,'SEA',leads
1603,1603,1603,200110300SAC,6.4,21.5,4th quarter,9:08.0,Bobby Jackson,SAC,False,3-pointer,24,84-82,'SEA',leads
1604,1604,1604,200110300SAC,24.0,5.0,4th quarter,8:37.0,Vlade Divac,SAC,True,2-pointer,0,86-84,'SEA',leads
1605,1605,1605,200110300SAC,24.0,5.0,4th quarter,7:50.0,Vlade Divac,SAC,False,2-pointer,0,86-84,'SEA',leads
1606,1606,1606,200110300SAC,10.8,4.2,4th quarter,7:14.0,Hedo Türkoğlu,SAC,False,2-pointer,13,86-84,'SEA',leads
1607,1607,1607,200110300SAC,0.9,11.1,4th quarter,6:34.0,Peja Stojaković,SAC,True,3-pointer,24,89-84,'SEA',leads
1608,1608,1608,200110300SAC,12.9,4.2,4th quarter,5:57.0,Hedo Türkoğlu,SAC,True,2-pointer,11,91-86,'SEA',leads
1609,1609,1609,200110300SAC,21.3,11.1,4th quarter,4:52.0,Bobby Jackson,SAC,True,2-pointer,7,93-86,'SEA',leads
1610,1610,1610,200110300SAC,41.8,16.6,4th quarter,3:41.0,Peja Stojaković,SAC,False,2-pointer,21,95-89,'SEA',leads
1611,1611,1611,200110300SAC,15.0,22.1,4th quarter,2:41.0,Vlade Divac,SAC,False,2-pointer,19,95-91,'SEA',leads
1612,1612,1612,200110300SAC,24.0,5.0,4th quarter,1:57.0,Doug Christie,SAC,True,2-pointer,0,98-91,'SEA',leads
1613,1613,1613,200110300SAC,47.5,6.7,4th quarter,1:22.0,Peja Stojaković,SAC,False,3-pointer,24,98-91,'SEA',leads
1614,1614,1614,200110300SAC,22.8,10.5,4th quarter,0:25.9,Peja Stojaković,SAC,False,2-pointer,6,98-93,'SEA',leads
1615,1615,1615,200110300SAS,23.0,12.6,1st quarter,11:25.0,Jeff McInnis,LAC,True,2-pointer,8,2-0,'SAS',leads
1616,1616,1616,200110300SAS,33.1,5.4,1st quarter,10:49.0,Michael Olowokandi,LAC,False,2-pointer,9,2-0,'SAS',leads
1617,1617,1617,200110300SAS,24.3,22.3,1st quarter,10:21.0,Jeff McInnis,LAC,False,2-pointer,17,2-0,'SAS',leads
1618,1618,1618,200110300SAS,28.7,9.7,1st quarter,10:15.0,Elton Brand,LAC,False,2-pointer,7,2-0,'SAS',leads
1619,1619,1619,200110300SAS,6.4,3.7,1st quarter,9:33.0,Elton Brand,LAC,True,2-pointer,18,6-0,'SAS',leads
1620,1620,1620,200110300SAS,25.1,10.7,1st quarter,9:00.0,Michael Olowokandi,LAC,False,2-pointer,6,6-3,'SAS',leads
1621,1621,1621,200110300SAS,31.0,17.5,1st quarter,8:54.0,Jeff McInnis,LAC,True,2-pointer,14,8-3,'SAS',leads
1622,1622,1622,200110300SAS,32.5,6.9,1st quarter,8:28.0,Michael Olowokandi,LAC,False,2-pointer,9,8-3,'SAS',leads
1623,1623,1623,200110300SAS,27.2,6.5,1st quarter,7:54.0,Michael Olowokandi,LAC,True,2-pointer,4,12-5,'SAS',leads
1624,1624,1624,200110300SAS,31.7,6.9,1st quarter,7:29.0,Elton Brand,LAC,True,2-pointer,8,14-5,'SAS',leads
1625,1625,1625,200110300SAS,24.3,5.4,1st quarter,7:06.0,Elton Brand,LAC,True,2-pointer,1,16-5,'SAS',leads
1626,1626,1626,200110300SAS,14.6,6.9,1st quarter,6:26.0,Michael Olowokandi,LAC,False,2-pointer,10,16-8,'SAS',leads
1627,1627,1627,200110300SAS,40.9,24.0,1st quarter,5:46.0,Eric Piatkowski,LAC,True,3-pointer,25,19-11,'SAS',leads
1628,1628,1628,200110300SAS,11.6,6.9,1st quarter,4:49.0,Jeff McInnis,LAC,False,2-pointer,13,19-11,'SAS',leads
1629,1629,1629,200110300SAS,23.0,12.6,1st quarter,3:09.0,Elton Brand,LAC,False,2-pointer,8,21-17,'SAS',leads
1630,1630,1630,200110300SAS,26.4,15.1,1st quarter,2:41.0,Jeff McInnis,LAC,False,2-pointer,10,21-19,'SAS',leads
1631,1631,1631,200110300SAS,17.3,8.0,1st quarter,2:36.0,Michael Olowokandi,LAC,False,2-pointer,7,21-19,'SAS',leads
1632,1632,1632,200110300SAS,9.3,6.5,1st quarter,1:11.0,Elton Brand,LAC,False,2-pointer,15,25-24,'SAS',leads
1633,1633,1633,200110300SAS,36.1,20.2,1st quarter,0:43.5,Lamar Odom,LAC,False,2-pointer,19,25-26,'SAS',trails
1634,1634,1634,200110300SAS,27.9,22.3,1st quarter,0:22.9,Sean Rooks,LAC,False,2-pointer,18,25-26,'SAS',trails
1635,1635,1635,200110300SAS,28.7,12.0,1st quarter,0:18.7,Lamar Odom,LAC,False,2-pointer,8,25-26,'SAS',trails
1636,1636,1636,200110300SAS,2.1,18.5,2nd quarter,11:46.0,Quentin Richardson,LAC,False,3-pointer,26,25-28,'SAS',trails
1637,1637,1637,200110300SAS,24.3,5.9,2nd quarter,10:38.0,Keyon Dooling,LAC,False,2-pointer,1,29-31,'SAS',trails
1638,1638,1638,200110300SAS,38.8,16.8,2nd quarter,9:30.0,Darius Miles,LAC,False,2-pointer,19,29-31,'SAS',trails
1639,1639,1639,200110300SAS,25.8,12.6,2nd quarter,8:26.0,Keyon Dooling,LAC,False,2-pointer,8,29-33,'SAS',trails
1640,1640,1640,200110300SAS,29.6,10.3,2nd quarter,7:56.0,Darius Miles,LAC,False,2-pointer,8,29-35,'SAS',trails
1641,1641,1641,200110300SAS,29.6,29.5,2nd quarter,6:38.0,Lamar Odom,LAC,False,3-pointer,25,32-35,'SAS',trails
1642,1642,1642,200110300SAS,24.3,5.4,2nd quarter,5:37.0,Corey Maggette,LAC,False,2-pointer,1,32-35,'SAS',trails
1643,1643,1643,200110300SAS,39.7,10.3,2nd quarter,4:45.0,Corey Maggette,LAC,False,2-pointer,17,34-39,'SAS',trails
1644,1644,1644,200110300SAS,40.3,25.0,2nd quarter,4:24.0,Lamar Odom,LAC,False,3-pointer,26,34-41,'SAS',trails
1645,1645,1645,200110300SAS,23.9,4.4,2nd quarter,3:29.0,Lamar Odom,LAC,True,2-pointer,1,37-41,'SAS',trails
1646,1646,1646,200110300SAS,13.1,8.6,2nd quarter,2:54.0,Lamar Odom,LAC,True,2-pointer,11,39-43,'SAS',trails
1647,1647,1647,200110300SAS,35.3,6.5,2nd quarter,2:24.0,Lamar Odom,LAC,False,2-pointer,11,39-43,'SAS',trails
1648,1648,1648,200110300SAS,27.2,10.7,2nd quarter,1:53.0,Eric Piatkowski,LAC,True,2-pointer,7,41-45,'SAS',trails
1649,1649,1649,200110300SAS,23.9,12.0,2nd quarter,0:56.3,Michael Olowokandi,LAC,True,2-pointer,7,43-45,'SAS',trails
1650,1650,1650,200110300SAS,23.9,5.0,2nd quarter,0:26.8,Lamar Odom,LAC,False,2-pointer,0,43-48,'SAS',trails
1651,1651,1651,200110300SAS,24.3,29.1,3rd quarter,11:45.0,Lamar Odom,LAC,False,3-pointer,24,44-48,'SAS',trails
1652,1652,1652,200110300SAS,33.8,6.5,3rd quarter,11:18.0,Michael Olowokandi,LAC,False,2-pointer,10,44-48,'SAS',trails
1653,1653,1653,200110300SAS,23.9,5.9,3rd quarter,10:55.0,Lamar Odom,LAC,True,2-pointer,1,46-48,'SAS',trails
1654,1654,1654,200110300SAS,23.0,8.0,3rd quarter,10:21.0,Elton Brand,LAC,False,2-pointer,3,46-50,'SAS',trails
1655,1655,1655,200110300SAS,17.3,11.3,3rd quarter,9:54.0,Jeff McInnis,LAC,True,2-pointer,9,48-53,'SAS',trails
1656,1656,1656,200110300SAS,23.9,5.9,3rd quarter,9:16.0,Jeff McInnis,LAC,True,2-pointer,1,50-53,'SAS',trails
1657,1657,1657,200110300SAS,8.7,4.4,3rd quarter,8:45.0,Elton Brand,LAC,False,2-pointer,15,50-56,'SAS',trails
1658,1658,1658,200110300SAS,25.1,8.0,3rd quarter,8:14.0,Lamar Odom,LAC,True,2-pointer,3,52-56,'SAS',trails
1659,1659,1659,200110300SAS,18.2,10.3,3rd quarter,7:32.0,Jeff McInnis,LAC,True,2-pointer,8,54-58,'SAS',trails
1660,1660,1660,200110300SAS,29.6,12.6,3rd quarter,7:13.0,Elton Brand,LAC,True,2-pointer,9,56-60,'SAS',trails
1661,1661,1661,200110300SAS,22.4,5.9,3rd quarter,6:51.0,Elton Brand,LAC,False,2-pointer,2,56-60,'SAS',trails
1662,1662,1662,200110300SAS,22.4,5.0,3rd quarter,6:06.0,Jeff McInnis,LAC,True,2-pointer,2,58-63,'SAS',trails
1663,1663,1663,200110300SAS,23.0,5.4,3rd quarter,5:47.0,Elton Brand,LAC,True,2-pointer,1,60-65,'SAS',trails
1664,1664,1664,200110300SAS,23.9,5.9,3rd quarter,4:50.0,Jeff McInnis,LAC,True,2-pointer,1,62-67,'SAS',trails
1665,1665,1665,200110300SAS,20.3,29.5,3rd quarter,4:07.0,Lamar Odom,LAC,False,3-pointer,25,62-67,'SAS',trails
1666,1666,1666,200110300SAS,24.3,5.9,3rd quarter,1:23.0,Quentin Richardson,LAC,False,2-pointer,1,66-78,'SAS',trails
1667,1667,1667,200110300SAS,21.7,5.4,3rd quarter,1:03.0,Darius Miles,LAC,True,2-pointer,2,68-80,'SAS',trails
1668,1668,1668,200110300SAS,22.4,4.4,3rd quarter,0:15.7,Corey Maggette,LAC,False,2-pointer,2,68-80,'SAS',trails
1669,1669,1669,200110300SAS,24.3,5.0,3rd quarter,0:14.3,Darius Miles,LAC,True,2-pointer,0,70-80,'SAS',trails
1670,1670,1670,200110300SAS,21.7,29.1,3rd quarter,0:00.0,Corey Maggette,LAC,False,3-pointer,24,70-80,'SAS',trails
1671,1671,1671,200110300SAS,8.7,3.7,4th quarter,11:01.0,Darius Miles,LAC,True,2-pointer,15,72-85,'SAS',trails
1672,1672,1672,200110300SAS,24.3,3.7,4th quarter,10:23.0,Corey Maggette,LAC,True,2-pointer,1,74-85,'SAS',trails
1673,1673,1673,200110300SAS,23.9,5.4,4th quarter,9:56.0,Elton Brand,LAC,True,2-pointer,0,76-88,'SAS',trails
1674,1674,1674,200110300SAS,23.0,5.4,4th quarter,9:17.0,Corey Maggette,LAC,False,2-pointer,1,76-90,'SAS',trails
1675,1675,1675,200110300SAS,24.3,5.4,4th quarter,8:41.0,Lamar Odom,LAC,True,2-pointer,1,78-93,'SAS',trails
1676,1676,1676,200110300SAS,18.8,9.7,4th quarter,7:58.0,Lamar Odom,LAC,False,2-pointer,7,78-95,'SAS',trails
1677,1677,1677,200110300SAS,25.8,13.0,4th quarter,7:35.0,Elton Brand,LAC,False,2-pointer,8,78-96,'SAS',trails
1678,1678,1678,200110300SAS,23.9,5.4,4th quarter,7:11.0,Darius Miles,LAC,True,2-pointer,0,80-98,'SAS',trails
1679,1679,1679,200110300SAS,23.9,5.4,4th quarter,7:07.0,Jeff McInnis,LAC,True,2-pointer,0,82-98,'SAS',trails
1680,1680,1680,200110300SAS,26.4,9.2,4th quarter,6:41.0,Elton Brand,LAC,True,2-pointer,5,84-98,'SAS',trails
1681,1681,1681,200110300SAS,23.9,5.9,4th quarter,6:14.0,Lamar Odom,LAC,True,2-pointer,1,86-98,'SAS',trails
1682,1682,1682,200110300SAS,22.4,5.4,4th quarter,5:46.0,Darius Miles,LAC,False,2-pointer,2,86-98,'SAS',trails
1683,1683,1683,200110300SAS,29.6,12.0,4th quarter,5:13.0,Elton Brand,LAC,True,2-pointer,9,88-99,'SAS',trails
1684,1684,1684,200110300SAS,36.1,14.7,4th quarter,4:34.0,Jeff McInnis,LAC,True,2-pointer,16,90-101,'SAS',trails
1685,1685,1685,200110300SAS,24.3,13.0,4th quarter,4:08.0,Elton Brand,LAC,False,2-pointer,8,90-101,'SAS',trails
1686,1686,1686,200110300SAS,23.9,5.4,4th quarter,3:42.0,Jeff McInnis,LAC,False,2-pointer,0,90-103,'SAS',trails
1687,1687,1687,200110300SAS,24.3,5.4,4th quarter,2:31.0,Corey Maggette,LAC,False,2-pointer,1,90-105,'SAS',trails
1688,1688,1688,200110300SAS,23.9,5.9,4th quarter,2:28.0,Elton Brand,LAC,True,2-pointer,1,92-105,'SAS',trails
1689,1689,1689,200110300SAS,22.4,12.6,4th quarter,1:48.0,Darius Miles,LAC,False,2-pointer,8,92-107,'SAS',trails
1690,1690,1690,200110300SAS,10.2,25.0,4th quarter,1:09.0,Jeff McInnis,LAC,False,3-pointer,24,92-109,'SAS',trails
1691,1691,1691,200110300SAS,23.9,5.0,4th quarter,0:42.6,Quentin Richardson,LAC,True,2-pointer,0,94-109,'SAS',trails
1692,1692,1692,200110300SAS,23.9,5.9,4th quarter,0:06.0,Darius Miles,LAC,True,2-pointer,1,98-109,'SAS',trails
1693,1693,1693,200110300SAS,46.8,3.3,1st quarter,11:46.0,Antonio Daniels,SAS,False,3-pointer,23,0-0,'SAS',tied
1694,1694,1694,200110300SAS,31.7,28.0,1st quarter,11:11.0,Antonio Daniels,SAS,False,3-pointer,24,0-2,'SAS',trails
1695,1695,1695,200110300SAS,16.7,14.1,1st quarter,9:42.0,Steve Smith,SAS,False,2-pointer,12,0-4,'SAS',trails
1696,1696,1696,200110300SAS,0.7,3.7,1st quarter,9:15.0,Bruce Bowen,SAS,True,3-pointer,23,3-6,'SAS',trails
1697,1697,1697,200110300SAS,24.3,7.6,1st quarter,8:11.0,Tim Duncan,SAS,False,2-pointer,3,3-10,'SAS',trails
1698,1698,1698,200110300SAS,23.9,5.4,1st quarter,8:08.0,Tim Duncan,SAS,True,2-pointer,0,5-10,'SAS',trails
1699,1699,1699,200110300SAS,37.4,25.0,1st quarter,7:40.0,Bruce Bowen,SAS,False,3-pointer,24,5-12,'SAS',trails
1700,1700,1700,200110300SAS,13.7,26.9,1st quarter,6:45.0,Tony Parker,SAS,True,3-pointer,24,8-16,'SAS',trails
1701,1701,1701,200110300SAS,25.1,29.1,1st quarter,6:14.0,Steve Smith,SAS,True,3-pointer,24,11-16,'SAS',trails
1702,1702,1702,200110300SAS,23.0,5.9,1st quarter,5:53.0,Tony Parker,SAS,False,2-pointer,1,11-16,'SAS',trails
1703,1703,1703,200110300SAS,7.2,5.4,1st quarter,5:28.0,Bruce Bowen,SAS,False,2-pointer,17,11-19,'SAS',trails
1704,1704,1704,200110300SAS,34.6,26.9,1st quarter,5:23.0,Tony Parker,SAS,False,3-pointer,24,11-19,'SAS',trails
1705,1705,1705,200110300SAS,46.8,5.0,1st quarter,5:08.0,Steve Smith,SAS,False,3-pointer,23,11-19,'SAS',trails
1706,1706,1706,200110300SAS,22.4,5.4,1st quarter,4:35.0,Tim Duncan,SAS,True,2-pointer,2,13-19,'SAS',trails
1707,1707,1707,200110300SAS,23.0,20.2,1st quarter,4:01.0,David Robinson,SAS,True,2-pointer,15,15-19,'SAS',trails
1708,1708,1708,200110300SAS,23.9,5.9,1st quarter,3:41.0,Tony Parker,SAS,True,2-pointer,1,17-19,'SAS',trails
1709,1709,1709,200110300SAS,37.4,17.9,1st quarter,2:57.0,Terry Porter,SAS,True,2-pointer,19,19-21,'SAS',trails
1710,1710,1710,200110300SAS,22.4,5.0,1st quarter,2:16.0,Tim Duncan,SAS,True,2-pointer,2,21-23,'SAS',trails
1711,1711,1711,200110300SAS,23.9,10.7,1st quarter,1:37.0,Tim Duncan,SAS,False,2-pointer,6,22-25,'SAS',trails
1712,1712,1712,200110300SAS,23.9,5.9,1st quarter,1:35.0,Bruce Bowen,SAS,False,2-pointer,1,22-25,'SAS',trails
1713,1713,1713,200110300SAS,23.9,5.4,1st quarter,1:29.0,Malik Rose,SAS,True,2-pointer,0,24-25,'SAS',trails
1714,1714,1714,200110300SAS,23.0,21.9,1st quarter,0:35.9,Tim Duncan,SAS,False,2-pointer,17,26-25,'SAS',leads
1715,1715,1715,200110300SAS,0.7,3.3,2nd quarter,11:23.0,Terry Porter,SAS,True,3-pointer,23,31-27,'SAS',leads
1716,1716,1716,200110300SAS,23.0,5.9,2nd quarter,10:45.0,Tony Parker,SAS,False,2-pointer,1,31-29,'SAS',leads
1717,1717,1717,200110300SAS,5.1,3.7,2nd quarter,9:47.0,Danny Ferry,SAS,False,2-pointer,19,31-29,'SAS',leads
1718,1718,1718,200110300SAS,40.9,5.4,2nd quarter,9:16.0,Danny Ferry,SAS,True,2-pointer,17,33-29,'SAS',leads
1719,1719,1719,200110300SAS,38.8,24.6,2nd quarter,8:59.0,Terry Porter,SAS,False,3-pointer,25,33-29,'SAS',leads
1720,1720,1720,200110300SAS,39.7,5.4,2nd quarter,8:13.0,Malik Rose,SAS,True,2-pointer,16,35-29,'SAS',leads
1721,1721,1721,200110300SAS,27.2,12.6,2nd quarter,6:47.0,Malik Rose,SAS,False,2-pointer,8,35-32,'SAS',leads
1722,1722,1722,200110300SAS,34.6,5.9,2nd quarter,6:12.0,Malik Rose,SAS,False,2-pointer,11,35-32,'SAS',leads
1723,1723,1723,200110300SAS,29.6,20.8,2nd quarter,5:50.0,Steve Smith,SAS,False,2-pointer,17,35-32,'SAS',leads
1724,1724,1724,200110300SAS,46.8,3.7,2nd quarter,5:07.0,Danny Ferry,SAS,False,3-pointer,23,37-34,'SAS',leads
1725,1725,1725,200110300SAS,7.2,5.0,2nd quarter,5:03.0,Tim Duncan,SAS,True,2-pointer,17,39-34,'SAS',leads
1726,1726,1726,200110300SAS,0.0,4.4,2nd quarter,4:06.0,Bruce Bowen,SAS,False,3-pointer,24,41-34,'SAS',leads
1727,1727,1727,200110300SAS,5.7,22.3,2nd quarter,3:35.0,Steve Smith,SAS,False,3-pointer,25,41-35,'SAS',leads
1728,1728,1728,200110300SAS,23.9,4.4,2nd quarter,3:23.0,Bruce Bowen,SAS,False,2-pointer,1,41-37,'SAS',leads
1729,1729,1729,200110300SAS,23.9,5.4,2nd quarter,3:21.0,Steve Smith,SAS,True,2-pointer,0,43-37,'SAS',leads
1730,1730,1730,200110300SAS,34.6,6.5,2nd quarter,2:39.0,Tim Duncan,SAS,False,2-pointer,11,43-39,'SAS',leads
1731,1731,1731,200110300SAS,25.1,6.5,2nd quarter,2:08.0,Steve Smith,SAS,True,2-pointer,2,45-39,'SAS',leads
1732,1732,1732,200110300SAS,23.0,5.4,2nd quarter,1:37.0,Bruce Bowen,SAS,False,2-pointer,1,45-41,'SAS',leads
1733,1733,1733,200110300SAS,18.2,17.9,2nd quarter,1:14.0,Tim Duncan,SAS,False,2-pointer,14,45-41,'SAS',leads
1734,1734,1734,200110300SAS,46.8,3.3,2nd quarter,0:42.6,Bruce Bowen,SAS,True,3-pointer,23,48-43,'SAS',leads
1735,1735,1735,200110300SAS,9.3,10.7,2nd quarter,0:06.1,Tim Duncan,SAS,False,2-pointer,16,48-44,'SAS',leads
1736,1736,1736,200110300SAS,37.4,34.5,2nd quarter,0:00.0,Antonio Daniels,SAS,False,3-pointer,32,48-44,'SAS',leads
1737,1737,1737,200110300SAS,33.8,6.5,3rd quarter,11:35.0,Tim Duncan,SAS,False,2-pointer,10,48-44,'SAS',leads
1738,1738,1738,200110300SAS,23.9,12.0,3rd quarter,10:59.0,Antonio Daniels,SAS,False,2-pointer,7,48-44,'SAS',leads
1739,1739,1739,200110300SAS,24.3,10.3,3rd quarter,10:37.0,David Robinson,SAS,True,2-pointer,5,50-46,'SAS',leads
1740,1740,1740,200110300SAS,38.2,24.6,3rd quarter,10:09.0,Antonio Daniels,SAS,True,3-pointer,24,53-46,'SAS',leads
1741,1741,1741,200110300SAS,7.2,6.5,3rd quarter,9:23.0,Steve Smith,SAS,False,2-pointer,17,53-48,'SAS',leads
1742,1742,1742,200110300SAS,-0.8,4.4,3rd quarter,9:01.0,Antonio Daniels,SAS,True,3-pointer,25,56-50,'SAS',leads
1743,1743,1743,200110300SAS,10.8,5.9,3rd quarter,7:54.0,Bruce Bowen,SAS,False,2-pointer,13,56-52,'SAS',leads
1744,1744,1744,200110300SAS,23.0,5.4,3rd quarter,5:29.0,Antonio Daniels,SAS,True,2-pointer,1,67-60,'SAS',leads
1745,1745,1745,200110300SAS,27.2,13.0,3rd quarter,4:26.0,Tim Duncan,SAS,False,2-pointer,9,67-62,'SAS',leads
1746,1746,1746,200110300SAS,32.5,17.9,3rd quarter,3:34.0,Antonio Daniels,SAS,True,2-pointer,15,69-62,'SAS',leads
1747,1747,1747,200110300SAS,23.0,5.4,3rd quarter,3:03.0,Steve Smith,SAS,True,2-pointer,1,71-64,'SAS',leads
1748,1748,1748,200110300SAS,23.0,6.5,3rd quarter,2:29.0,Tim Duncan,SAS,True,2-pointer,2,73-66,'SAS',leads
1749,1749,1749,200110300SAS,23.9,5.0,3rd quarter,2:07.0,Antonio Daniels,SAS,True,2-pointer,0,75-66,'SAS',leads
1750,1750,1750,200110300SAS,46.8,3.7,3rd quarter,1:39.0,Steve Smith,SAS,True,3-pointer,23,78-66,'SAS',leads
1751,1751,1751,200110300SAS,7.8,23.6,3rd quarter,0:23.2,Terry Porter,SAS,False,3-pointer,25,80-68,'SAS',leads
1752,1752,1752,200110300SAS,14.6,17.5,3rd quarter,0:03.5,Antonio Daniels,SAS,False,2-pointer,16,80-70,'SAS',leads
1753,1753,1753,200110300SAS,15.8,27.4,4th quarter,11:39.0,Tony Parker,SAS,True,3-pointer,24,83-70,'SAS',leads
1754,1754,1754,200110300SAS,23.0,5.4,4th quarter,11:23.0,Malik Rose,SAS,True,2-pointer,1,85-70,'SAS',leads
1755,1755,1755,200110300SAS,10.2,14.7,4th quarter,10:46.0,Terry Porter,SAS,False,2-pointer,17,85-72,'SAS',leads
1756,1756,1756,200110300SAS,22.4,6.5,4th quarter,10:31.0,Tony Parker,SAS,False,2-pointer,2,85-72,'SAS',leads
1757,1757,1757,200110300SAS,37.4,25.0,4th quarter,10:07.0,Terry Porter,SAS,True,3-pointer,24,88-74,'SAS',leads
1758,1758,1758,200110300SAS,5.1,4.4,4th quarter,9:38.0,Danny Ferry,SAS,True,2-pointer,19,90-76,'SAS',leads
1759,1759,1759,200110300SAS,13.7,26.9,4th quarter,9:03.0,Danny Ferry,SAS,True,3-pointer,24,93-76,'SAS',leads
1760,1760,1760,200110300SAS,36.7,17.5,4th quarter,8:14.0,Malik Rose,SAS,True,2-pointer,18,95-78,'SAS',leads
1761,1761,1761,200110300SAS,12.3,5.4,4th quarter,7:24.0,David Robinson,SAS,True,2-pointer,12,98-78,'SAS',leads
1762,1762,1762,200110300SAS,37.4,12.0,4th quarter,6:20.0,Malik Rose,SAS,False,2-pointer,15,98-84,'SAS',leads
1763,1763,1763,200110300SAS,46.8,4.4,4th quarter,6:00.0,Danny Ferry,SAS,False,3-pointer,23,98-86,'SAS',leads
1764,1764,1764,200110300SAS,38.8,25.0,4th quarter,3:58.0,Terry Porter,SAS,False,3-pointer,25,101-90,'SAS',leads
1765,1765,1765,200110300SAS,22.4,5.9,4th quarter,3:54.0,David Robinson,SAS,True,2-pointer,2,103-90,'SAS',leads
1766,1766,1766,200110300SAS,23.9,10.3,4th quarter,3:21.0,Tim Duncan,SAS,False,2-pointer,5,103-90,'SAS',leads
1767,1767,1767,200110300SAS,23.9,19.1,4th quarter,2:57.0,David Robinson,SAS,False,2-pointer,14,103-90,'SAS',leads
1768,1768,1768,200110300SAS,23.9,5.9,4th quarter,2:54.0,Steve Smith,SAS,True,2-pointer,1,105-90,'SAS',leads
1769,1769,1769,200110300SAS,23.0,5.9,4th quarter,2:03.0,Malik Rose,SAS,True,2-pointer,1,107-92,'SAS',leads
1770,1770,1770,200110300SAS,18.8,10.3,4th quarter,1:22.0,Steve Smith,SAS,False,2-pointer,7,107-92,'SAS',leads
1771,1771,1771,200110300SAS,23.9,5.9,4th quarter,1:22.0,Malik Rose,SAS,True,2-pointer,1,109-92,'SAS',leads
1772,1772,1772,200110300SAS,23.9,5.9,4th quarter,0:35.4,Tony Parker,SAS,False,2-pointer,1,109-95,'SAS',leads
1773,1773,1773,200110300UTA,37.8,24.4,1st quarter,10:43.0,Ray Allen,MIL,True,3-pointer,24,5-2,'UTA',leads
1774,1774,1774,200110300UTA,6.4,3.7,1st quarter,10:10.0,Sam Cassell,MIL,True,2-pointer,18,7-2,'UTA',leads
1775,1775,1775,200110300UTA,9.1,25.5,1st quarter,9:43.0,Ray Allen,MIL,False,3-pointer,25,7-2,'UTA',leads
1776,1776,1776,200110300UTA,39.9,22.7,1st quarter,9:19.0,Sam Cassell,MIL,True,3-pointer,24,10-4,'UTA',leads
1777,1777,1777,200110300UTA,19.8,7.1,1st quarter,8:42.0,Sam Cassell,MIL,False,2-pointer,5,12-6,'UTA',leads
1778,1778,1778,200110300UTA,23.6,19.8,1st quarter,8:31.0,Glenn Robinson,MIL,False,2-pointer,15,12-6,'UTA',leads
1779,1779,1779,200110300UTA,40.7,22.1,1st quarter,8:25.0,Glenn Robinson,MIL,False,3-pointer,24,12-6,'UTA',leads
1780,1780,1780,200110300UTA,40.7,22.7,1st quarter,7:52.0,Sam Cassell,MIL,False,3-pointer,24,12-8,'UTA',leads
1781,1781,1781,200110300UTA,24.0,5.0,1st quarter,6:59.0,Glenn Robinson,MIL,True,2-pointer,0,14-10,'UTA',leads
1782,1782,1782,200110300UTA,36.9,5.4,1st quarter,6:20.0,Glenn Robinson,MIL,False,2-pointer,13,14-12,'UTA',leads
1783,1783,1783,200110300UTA,16.3,17.9,1st quarter,6:01.0,Sam Cassell,MIL,False,2-pointer,15,14-12,'UTA',leads
1784,1784,1784,200110300UTA,46.2,3.7,1st quarter,5:21.0,Ray Allen,MIL,True,3-pointer,22,17-12,'UTA',leads
1785,1785,1785,200110300UTA,40.7,24.8,1st quarter,4:22.0,Tim Thomas,MIL,False,3-pointer,26,17-14,'UTA',leads
1786,1786,1786,200110300UTA,27.7,16.2,1st quarter,4:13.0,Anthony Mason,MIL,True,2-pointer,12,19-14,'UTA',leads
1787,1787,1787,200110300UTA,36.9,25.5,1st quarter,3:48.0,Sam Cassell,MIL,False,3-pointer,24,19-14,'UTA',leads
1788,1788,1788,200110300UTA,12.7,15.8,1st quarter,2:51.0,Sam Cassell,MIL,True,2-pointer,16,21-14,'UTA',leads
1789,1789,1789,200110300UTA,45.6,5.9,1st quarter,2:16.0,Tim Thomas,MIL,False,2-pointer,22,21-16,'UTA',leads
1790,1790,1790,200110300UTA,24.0,5.0,1st quarter,1:43.0,Tim Thomas,MIL,False,2-pointer,0,23-18,'UTA',leads
1791,1791,1791,200110300UTA,9.9,22.7,1st quarter,1:21.0,Sam Cassell,MIL,False,2-pointer,23,23-20,'UTA',leads
1792,1792,1792,200110300UTA,24.0,5.0,1st quarter,0:34.7,Tim Thomas,MIL,True,2-pointer,0,25-24,'UTA',leads
1793,1793,1793,200110300UTA,24.0,5.0,1st quarter,0:17.9,Ray Allen,MIL,True,2-pointer,0,27-26,'UTA',leads
1794,1794,1794,200110300UTA,13.5,5.0,2nd quarter,11:39.0,Jason Caffey,MIL,True,2-pointer,11,29-28,'UTA',leads
1795,1795,1795,200110300UTA,23.6,17.9,2nd quarter,11:02.0,Jason Caffey,MIL,False,2-pointer,13,29-28,'UTA',leads
1796,1796,1796,200110300UTA,24.0,5.0,2nd quarter,10:59.0,Jason Caffey,MIL,True,2-pointer,0,31-28,'UTA',leads
1797,1797,1797,200110300UTA,38.4,19.1,2nd quarter,10:00.0,Michael Redd,MIL,True,2-pointer,20,33-32,'UTA',leads
1798,1798,1798,200110300UTA,22.8,14.1,2nd quarter,8:57.0,Ray Allen,MIL,False,2-pointer,9,33-34,'UTA',trails
1799,1799,1799,200110300UTA,24.7,5.9,2nd quarter,8:26.0,Glenn Robinson,MIL,False,2-pointer,1,33-36,'UTA',trails
1800,1800,1800,200110300UTA,23.6,15.8,2nd quarter,6:48.0,Glenn Robinson,MIL,False,2-pointer,11,33-41,'UTA',trails
1801,1801,1801,200110300UTA,34.8,8.8,2nd quarter,6:12.0,Ray Allen,MIL,False,2-pointer,11,33-41,'UTA',trails
1802,1802,1802,200110300UTA,14.8,3.1,2nd quarter,6:07.0,Sam Cassell,MIL,False,2-pointer,9,33-41,'UTA',trails
1803,1803,1803,200110300UTA,23.6,14.5,2nd quarter,4:45.0,Glenn Robinson,MIL,False,2-pointer,10,35-46,'UTA',trails
1804,1804,1804,200110300UTA,23.6,15.1,2nd quarter,4:18.0,Glenn Robinson,MIL,True,2-pointer,10,37-48,'UTA',trails
1805,1805,1805,200110300UTA,24.7,29.5,2nd quarter,3:34.0,Ray Allen,MIL,False,3-pointer,25,37-50,'UTA',trails
1806,1806,1806,200110300UTA,34.8,26.5,2nd quarter,3:16.0,Ray Allen,MIL,True,3-pointer,24,40-50,'UTA',trails
1807,1807,1807,200110300UTA,7.0,3.7,2nd quarter,2:47.0,Anthony Mason,MIL,True,2-pointer,17,42-50,'UTA',trails
1808,1808,1808,200110300UTA,19.2,29.1,2nd quarter,2:10.0,Sam Cassell,MIL,False,3-pointer,25,42-52,'UTA',trails
1809,1809,1809,200110300UTA,35.5,27.2,2nd quarter,2:04.0,Glenn Robinson,MIL,True,3-pointer,25,45-52,'UTA',trails
1810,1810,1810,200110300UTA,25.6,29.1,2nd quarter,1:10.0,Rafer Alston,MIL,True,3-pointer,24,48-52,'UTA',trails
1811,1811,1811,200110300UTA,16.3,28.4,2nd quarter,0:29.7,Rafer Alston,MIL,True,3-pointer,25,51-52,'UTA',trails
1812,1812,1812,200110300UTA,24.7,19.8,3rd quarter,11:41.0,Sam Cassell,MIL,False,2-pointer,15,51-54,'UTA',trails
1813,1813,1813,200110300UTA,11.2,25.9,3rd quarter,11:20.0,Ray Allen,MIL,False,3-pointer,25,51-56,'UTA',trails
1814,1814,1814,200110300UTA,23.6,8.2,3rd quarter,10:45.0,Glenn Robinson,MIL,False,2-pointer,3,51-56,'UTA',trails
1815,1815,1815,200110300UTA,37.8,21.5,3rd quarter,10:23.0,Glenn Robinson,MIL,True,2-pointer,22,53-58,'UTA',trails
1816,1816,1816,200110300UTA,12.7,5.0,3rd quarter,9:48.0,Anthony Mason,MIL,True,2-pointer,11,55-58,'UTA',trails
1817,1817,1817,200110300UTA,1.1,6.5,3rd quarter,9:16.0,Ray Allen,MIL,True,3-pointer,23,58-58,'UTA',tied
1818,1818,1818,200110300UTA,44.1,5.9,3rd quarter,8:40.0,Mark Pope,MIL,False,2-pointer,20,58-58,'UTA',tied
1819,1819,1819,200110300UTA,10.6,26.5,3rd quarter,8:18.0,Sam Cassell,MIL,True,3-pointer,25,61-60,'UTA',leads
1820,1820,1820,200110300UTA,37.8,24.8,3rd quarter,7:39.0,Glenn Robinson,MIL,False,3-pointer,24,61-60,'UTA',leads
1821,1821,1821,200110300UTA,30.4,14.5,3rd quarter,7:21.0,Ray Allen,MIL,False,2-pointer,11,61-62,'UTA',trails
1822,1822,1822,200110300UTA,24.7,28.4,3rd quarter,6:34.0,Sam Cassell,MIL,False,2-pointer,23,61-64,'UTA',trails
1823,1823,1823,200110300UTA,6.4,15.1,3rd quarter,5:18.0,Glenn Robinson,MIL,True,2-pointer,20,65-68,'UTA',trails
1824,1824,1824,200110300UTA,42.0,3.7,3rd quarter,4:18.0,Ray Allen,MIL,True,2-pointer,18,67-70,'UTA',trails
1825,1825,1825,200110300UTA,4.9,14.1,3rd quarter,3:38.0,Sam Cassell,MIL,True,2-pointer,21,69-70,'UTA',trails
1826,1826,1826,200110300UTA,9.9,4.4,3rd quarter,3:01.0,Sam Cassell,MIL,False,2-pointer,14,69-72,'UTA',trails
1827,1827,1827,200110300UTA,8.5,23.8,3rd quarter,2:32.0,Sam Cassell,MIL,False,3-pointer,24,69-74,'UTA',trails
1828,1828,1828,200110300UTA,8.5,4.4,3rd quarter,1:16.0,Ray Allen,MIL,False,2-pointer,16,71-79,'UTA',trails
1829,1829,1829,200110300UTA,24.0,5.0,3rd quarter,1:14.0,Tim Thomas,MIL,True,2-pointer,0,73-79,'UTA',trails
1830,1830,1830,200110300UTA,40.7,22.1,3rd quarter,0:24.7,Tim Thomas,MIL,False,3-pointer,24,75-82,'UTA',trails
1831,1831,1831,200110300UTA,9.9,30.1,3rd quarter,0:00.1,Ray Allen,MIL,False,3-pointer,29,75-84,'UTA',trails
1832,1832,1832,200110300UTA,32.5,4.4,4th quarter,11:28.0,Ervin Johnson,MIL,False,2-pointer,9,75-84,'UTA',trails
1833,1833,1833,200110300UTA,22.2,17.9,4th quarter,11:06.0,Jason Caffey,MIL,False,2-pointer,13,75-84,'UTA',trails
1834,1834,1834,200110300UTA,26.2,23.1,4th quarter,10:41.0,Glenn Robinson,MIL,True,2-pointer,18,77-84,'UTA',trails
1835,1835,1835,200110300UTA,24.0,5.0,4th quarter,9:48.0,Jason Caffey,MIL,True,2-pointer,0,79-87,'UTA',trails
1836,1836,1836,200110300UTA,36.3,25.5,4th quarter,9:07.0,Glenn Robinson,MIL,False,3-pointer,24,80-89,'UTA',trails
1837,1837,1837,200110300UTA,36.9,19.1,4th quarter,7:58.0,Ray Allen,MIL,False,2-pointer,19,80-89,'UTA',trails
1838,1838,1838,200110300UTA,24.0,5.0,4th quarter,7:17.0,Glenn Robinson,MIL,True,2-pointer,0,83-91,'UTA',trails
1839,1839,1839,200110300UTA,24.0,5.0,4th quarter,6:26.0,Ray Allen,MIL,True,2-pointer,0,85-91,'UTA',trails
1840,1840,1840,200110300UTA,12.7,14.1,4th quarter,5:51.0,Glenn Robinson,MIL,True,2-pointer,15,87-93,'UTA',trails
1841,1841,1841,200110300UTA,36.9,20.2,4th quarter,5:07.0,Glenn Robinson,MIL,True,2-pointer,20,89-96,'UTA',trails
1842,1842,1842,200110300UTA,38.4,8.2,4th quarter,4:28.0,Sam Cassell,MIL,True,2-pointer,15,91-96,'UTA',trails
1843,1843,1843,200110300UTA,42.8,3.1,4th quarter,3:48.0,Glenn Robinson,MIL,False,2-pointer,19,91-98,'UTA',trails
1844,1844,1844,200110300UTA,10.6,14.1,4th quarter,2:31.0,Ray Allen,MIL,True,2-pointer,16,95-99,'UTA',trails
1845,1845,1845,200110300UTA,29.8,30.1,4th quarter,1:56.0,Ray Allen,MIL,False,3-pointer,26,95-99,'UTA',trails
1846,1846,1846,200110300UTA,30.4,13.5,4th quarter,1:17.0,Ray Allen,MIL,True,2-pointer,11,97-99,'UTA',trails
1847,1847,1847,200110300UTA,14.8,20.2,4th quarter,0:31.1,Sam Cassell,MIL,True,2-pointer,18,101-100,'UTA',leads
1848,1848,1848,200110300UTA,34.0,27.2,4th quarter,0:00.1,Tim Thomas,MIL,False,3-pointer,24,102-102,'UTA',tied
1849,1849,1849,200110300UTA,17.7,15.8,1st overtime,4:37.0,Ray Allen,MIL,True,2-pointer,13,104-102,'UTA',leads
1850,1850,1850,200110300UTA,11.2,25.5,1st overtime,3:31.0,Sam Cassell,MIL,True,3-pointer,24,107-103,'UTA',leads
1851,1851,1851,200110300UTA,24.0,5.0,1st overtime,2:51.0,Ray Allen,MIL,True,2-pointer,0,109-106,'UTA',leads
1852,1852,1852,200110300UTA,9.1,19.8,1st overtime,2:13.0,Sam Cassell,MIL,True,2-pointer,21,111-108,'UTA',leads
1853,1853,1853,200110300UTA,12.7,11.1,1st overtime,1:34.0,Glenn Robinson,MIL,True,2-pointer,13,113-108,'UTA',leads
1854,1854,1854,200110300UTA,7.8,17.5,1st overtime,1:00.0,Glenn Robinson,MIL,True,2-pointer,20,115-110,'UTA',leads
1855,1855,1855,200110300UTA,24.0,5.0,1st overtime,0:21.2,Anthony Mason,MIL,True,2-pointer,0,117-112,'UTA',leads
1856,1856,1856,200110300UTA,33.4,22.7,1st quarter,11:51.0,Karl Malone,UTA,False,2-pointer,20,0-0,'UTA',tied
1857,1857,1857,200110300UTA,7.8,4.4,1st quarter,11:32.0,Karl Malone,UTA,False,2-pointer,16,0-0,'UTA',tied
1858,1858,1858,200110300UTA,24.0,5.0,1st quarter,11:08.0,Karl Malone,UTA,False,2-pointer,0,0-2,'UTA',trails
1859,1859,1859,200110300UTA,24.0,5.0,1st quarter,11:06.0,Greg Ostertag,UTA,False,2-pointer,0,0-2,'UTA',trails
1860,1860,1860,200110300UTA,32.5,24.8,1st quarter,10:18.0,John Stockton,UTA,False,2-pointer,22,2-5,'UTA',trails
1861,1861,1861,200110300UTA,24.0,5.0,1st quarter,9:37.0,Quincy Lewis,UTA,True,2-pointer,0,4-7,'UTA',trails
1862,1862,1862,200110300UTA,42.0,3.7,1st quarter,8:49.0,John Stockton,UTA,True,2-pointer,18,6-12,'UTA',trails
1863,1863,1863,200110300UTA,24.0,5.0,1st quarter,8:17.0,Donyell Marshall,UTA,True,2-pointer,0,8-12,'UTA',trails
1864,1864,1864,200110300UTA,24.0,5.0,1st quarter,7:36.0,Greg Ostertag,UTA,True,2-pointer,0,10-12,'UTA',trails
1865,1865,1865,200110300UTA,34.8,23.1,1st quarter,6:39.0,Quincy Lewis,UTA,True,2-pointer,21,12-14,'UTA',trails
1866,1866,1866,200110300UTA,39.3,15.8,1st quarter,5:00.0,Karl Malone,UTA,False,2-pointer,19,12-17,'UTA',trails
1867,1867,1867,200110300UTA,24.0,5.0,1st quarter,4:39.0,Greg Ostertag,UTA,True,2-pointer,0,14-17,'UTA',trails
1868,1868,1868,200110300UTA,14.2,24.4,1st quarter,3:54.0,Donyell Marshall,UTA,False,2-pointer,22,14-19,'UTA',trails
1869,1869,1869,200110300UTA,30.4,11.1,1st quarter,3:23.0,Greg Ostertag,UTA,False,2-pointer,9,14-19,'UTA',trails
1870,1870,1870,200110300UTA,41.4,18.5,1st quarter,2:28.0,John Starks,UTA,True,2-pointer,22,16-21,'UTA',trails
1871,1871,1871,200110300UTA,9.1,22.1,1st quarter,1:34.0,John Crotty,UTA,True,2-pointer,23,20-23,'UTA',trails
1872,1872,1872,200110300UTA,34.8,24.4,1st quarter,1:08.0,John Crotty,UTA,True,2-pointer,22,22-23,'UTA',trails
1873,1873,1873,200110300UTA,24.0,5.0,1st quarter,0:45.9,Karl Malone,UTA,True,2-pointer,0,24-23,'UTA',leads
1874,1874,1874,200110300UTA,24.0,5.0,1st quarter,0:05.1,John Amaechi,UTA,True,2-pointer,0,28-27,'UTA',leads
1875,1875,1875,200110300UTA,4.0,27.8,1st quarter,0:00.1,John Starks,UTA,False,3-pointer,30,28-27,'UTA',leads
1876,1876,1876,200110300UTA,43.5,3.7,2nd quarter,10:15.0,John Starks,UTA,True,2-pointer,20,32-31,'UTA',leads
1877,1877,1877,200110300UTA,23.6,8.8,2nd quarter,9:43.0,John Amaechi,UTA,False,2-pointer,4,32-33,'UTA',trails
1878,1878,1878,200110300UTA,24.1,16.8,2nd quarter,9:14.0,Bryon Russell,UTA,True,2-pointer,12,34-33,'UTA',leads
1879,1879,1879,200110300UTA,24.0,5.0,2nd quarter,8:49.0,John Stockton,UTA,True,2-pointer,0,36-33,'UTA',leads
1880,1880,1880,200110300UTA,47.1,4.4,2nd quarter,8:19.0,Bryon Russell,UTA,False,3-pointer,23,36-33,'UTA',leads
1881,1881,1881,200110300UTA,7.0,23.1,2nd quarter,7:47.0,Andrei Kirilenko,UTA,False,3-pointer,25,36-33,'UTA',leads
1882,1882,1882,200110300UTA,24.0,5.0,2nd quarter,7:39.0,John Stockton,UTA,True,2-pointer,0,38-33,'UTA',leads
1883,1883,1883,200110300UTA,24.0,5.0,2nd quarter,7:14.0,Andrei Kirilenko,UTA,True,2-pointer,0,41-33,'UTA',leads
1884,1884,1884,200110300UTA,32.5,4.4,2nd quarter,5:59.0,John Amaechi,UTA,False,2-pointer,9,41-33,'UTA',leads
1885,1885,1885,200110300UTA,29.8,29.1,2nd quarter,5:35.0,Bryon Russell,UTA,True,3-pointer,25,44-35,'UTA',leads
1886,1886,1886,200110300UTA,6.4,3.1,2nd quarter,5:04.0,John Stockton,UTA,True,2-pointer,18,46-35,'UTA',leads
1887,1887,1887,200110300UTA,24.1,4.4,2nd quarter,3:56.0,John Stockton,UTA,False,2-pointer,1,48-37,'UTA',leads
1888,1888,1888,200110300UTA,24.0,5.0,2nd quarter,3:51.0,Donyell Marshall,UTA,True,2-pointer,0,50-37,'UTA',leads
1889,1889,1889,200110300UTA,41.4,11.6,2nd quarter,3:25.0,John Starks,UTA,False,2-pointer,19,50-37,'UTA',leads
1890,1890,1890,200110300UTA,22.8,8.8,2nd quarter,2:27.0,John Starks,UTA,True,2-pointer,4,52-42,'UTA',leads
1891,1891,1891,200110300UTA,31.9,27.2,2nd quarter,1:41.0,Bryon Russell,UTA,False,2-pointer,24,52-45,'UTA',leads
1892,1892,1892,200110300UTA,39.3,24.4,2nd quarter,1:26.0,Bryon Russell,UTA,False,3-pointer,25,52-45,'UTA',leads
1893,1893,1893,200110300UTA,26.2,7.6,2nd quarter,0:48.4,Donyell Marshall,UTA,False,2-pointer,3,52-48,'UTA',leads
1894,1894,1894,200110300UTA,24.0,5.0,2nd quarter,0:12.0,Donyell Marshall,UTA,True,2-pointer,0,54-51,'UTA',leads
1895,1895,1895,200110300UTA,24.0,5.0,3rd quarter,11:36.0,Donyell Marshall,UTA,True,2-pointer,0,56-51,'UTA',leads
1896,1896,1896,200110300UTA,11.2,25.5,3rd quarter,11:00.0,Quincy Lewis,UTA,False,3-pointer,24,56-51,'UTA',leads
1897,1897,1897,200110300UTA,23.6,20.8,3rd quarter,10:39.0,John Stockton,UTA,True,2-pointer,16,58-51,'UTA',leads
1898,1898,1898,200110300UTA,36.3,6.5,3rd quarter,9:24.0,Quincy Lewis,UTA,False,2-pointer,12,58-55,'UTA',leads
1899,1899,1899,200110300UTA,24.0,5.0,3rd quarter,8:29.0,John Stockton,UTA,True,2-pointer,0,60-58,'UTA',leads
1900,1900,1900,200110300UTA,24.7,23.1,3rd quarter,7:03.0,Karl Malone,UTA,False,2-pointer,18,62-61,'UTA',leads
1901,1901,1901,200110300UTA,24.0,5.0,3rd quarter,6:58.0,Greg Ostertag,UTA,True,2-pointer,0,64-61,'UTA',leads
1902,1902,1902,200110300UTA,24.1,7.6,3rd quarter,5:29.0,Donyell Marshall,UTA,True,2-pointer,3,68-63,'UTA',leads
1903,1903,1903,200110300UTA,23.6,7.6,3rd quarter,4:54.0,John Stockton,UTA,False,2-pointer,3,68-65,'UTA',leads
1904,1904,1904,200110300UTA,24.0,5.0,3rd quarter,4:35.0,Karl Malone,UTA,True,2-pointer,0,70-65,'UTA',leads
1905,1905,1905,200110300UTA,24.1,22.1,3rd quarter,3:50.0,Donyell Marshall,UTA,False,2-pointer,17,70-67,'UTA',leads
1906,1906,1906,200110300UTA,24.0,5.0,3rd quarter,3:22.0,John Starks,UTA,True,2-pointer,0,72-69,'UTA',leads
1907,1907,1907,200110300UTA,24.0,5.0,3rd quarter,2:46.0,John Starks,UTA,True,2-pointer,0,74-69,'UTA',leads
1908,1908,1908,200110300UTA,46.2,5.0,3rd quarter,2:23.0,Bryon Russell,UTA,True,3-pointer,22,77-69,'UTA',leads
1909,1909,1909,200110300UTA,24.0,5.0,3rd quarter,1:40.0,John Crotty,UTA,True,2-pointer,0,79-71,'UTA',leads
1910,1910,1910,200110300UTA,36.3,25.5,3rd quarter,0:54.4,John Starks,UTA,False,3-pointer,24,79-73,'UTA',leads
1911,1911,1911,200110300UTA,47.1,3.1,3rd quarter,0:36.7,John Starks,UTA,True,3-pointer,23,82-75,'UTA',leads
1912,1912,1912,200110300UTA,24.0,5.0,3rd quarter,0:05.3,Andrei Kirilenko,UTA,True,2-pointer,0,84-75,'UTA',leads
1913,1913,1913,200110300UTA,24.0,5.0,4th quarter,11:20.0,Andrei Kirilenko,UTA,False,2-pointer,0,84-75,'UTA',leads
1914,1914,1914,200110300UTA,21.3,29.5,4th quarter,10:09.0,Bryon Russell,UTA,True,3-pointer,25,87-77,'UTA',leads
1915,1915,1915,200110300UTA,24.0,5.0,4th quarter,9:25.0,John Amaechi,UTA,True,2-pointer,0,89-80,'UTA',leads
1916,1916,1916,200110300UTA,34.0,20.2,4th quarter,8:46.0,Karl Malone,UTA,False,2-pointer,18,89-80,'UTA',leads
1917,1917,1917,200110300UTA,39.9,17.5,4th quarter,8:31.0,John Stockton,UTA,False,2-pointer,20,89-80,'UTA',leads
1918,1918,1918,200110300UTA,47.1,3.1,4th quarter,6:56.0,Bryon Russell,UTA,False,3-pointer,23,91-83,'UTA',leads
1919,1919,1919,200110300UTA,4.9,1.4,4th quarter,6:32.0,John Amaechi,UTA,False,2-pointer,19,91-83,'UTA',leads
1920,1920,1920,200110300UTA,24.0,5.0,4th quarter,6:10.0,John Amaechi,UTA,True,2-pointer,0,93-85,'UTA',leads
1921,1921,1921,200110300UTA,18.4,9.2,4th quarter,5:24.0,Karl Malone,UTA,True,2-pointer,7,95-87,'UTA',leads
1922,1922,1922,200110300UTA,24.7,27.8,4th quarter,4:39.0,John Starks,UTA,False,2-pointer,23,96-89,'UTA',leads
1923,1923,1923,200110300UTA,36.3,5.0,4th quarter,4:03.0,John Stockton,UTA,True,2-pointer,12,98-91,'UTA',leads
1924,1924,1924,200110300UTA,5.5,4.4,4th quarter,2:08.0,Karl Malone,UTA,False,2-pointer,19,99-95,'UTA',leads
1925,1925,1925,200110300UTA,17.7,20.8,4th quarter,1:31.0,John Stockton,UTA,False,2-pointer,17,99-95,'UTA',leads
1926,1926,1926,200110300UTA,24.0,5.0,4th quarter,0:03.4,John Stockton,UTA,True,2-pointer,0,102-102,'UTA',tied
1927,1927,1927,200110300UTA,7.8,23.8,1st overtime,4:17.0,Bryon Russell,UTA,False,3-pointer,25,102-104,'UTA',trails
1928,1928,1928,200110300UTA,12.1,26.5,1st overtime,4:01.0,John Stockton,UTA,False,3-pointer,25,102-104,'UTA',trails
1929,1929,1929,200110300UTA,46.2,5.0,1st overtime,3:37.0,Bryon Russell,UTA,False,3-pointer,22,103-104,'UTA',trails
1930,1930,1930,200110300UTA,19.8,6.5,1st overtime,3:16.0,Karl Malone,UTA,False,2-pointer,4,103-107,'UTA',trails
1931,1931,1931,200110300UTA,18.4,28.4,1st overtime,3:03.0,John Starks,UTA,True,3-pointer,24,106-107,'UTA',trails
1932,1932,1932,200110300UTA,24.0,5.0,1st overtime,2:30.0,Donyell Marshall,UTA,True,2-pointer,0,108-109,'UTA',trails
1933,1933,1933,200110300UTA,44.1,3.7,1st overtime,1:18.0,John Starks,UTA,True,2-pointer,20,110-113,'UTA',trails
1934,1934,1934,200110300UTA,19.2,12.8,1st overtime,0:48.0,Karl Malone,UTA,True,2-pointer,9,112-115,'UTA',trails
1935,1935,1935,200110300UTA,25.6,29.1,1st overtime,0:17.8,John Stockton,UTA,False,3-pointer,24,112-117,'UTA',trails
1936,1936,1936,200110300UTA,24.0,5.0,1st overtime,0:05.3,John Starks,UTA,False,2-pointer,0,112-119,'UTA',trails
