,Unnamed: 0.1,Unnamed: 0,match_id,shotX,shotY,quarter,time_remaining,player,team,made,shot_type,distance,score,opp,status
0,0,0,200602040CLE,46.7,11.3,1st quarter,11:38.0,John Salmons,PHI,False,3-pointer,24,0-0,'CLE',tied
1,1,1,200602040CLE,39.6,1.8,1st quarter,9:30.0,Allen Iverson,PHI,False,2-pointer,16,0-6,'CLE',trails
2,2,2,200602040CLE,36.8,7.5,1st quarter,8:39.0,Allen Iverson,PHI,True,2-pointer,13,2-9,'CLE',trails
3,3,3,200602040CLE,22.2,5.0,1st quarter,7:58.0,Samuel Dalembert,PHI,True,2-pointer,2,4-11,'CLE',trails
4,4,4,200602040CLE,-0.1,10.9,1st quarter,7:20.0,Allen Iverson,PHI,False,3-pointer,25,4-13,'CLE',trails
5,5,5,200602040CLE,30.2,7.2,1st quarter,6:14.0,Chris Webber,PHI,True,2-pointer,7,8-15,'CLE',trails
6,6,6,200602040CLE,23.0,10.8,1st quarter,5:44.0,Chris Webber,PHI,True,2-pointer,6,10-17,'CLE',trails
7,7,7,200602040CLE,23.4,25.7,1st quarter,5:18.0,Chris Webber,PHI,False,2-pointer,21,10-17,'CLE',trails
8,8,8,200602040CLE,22.4,4.7,1st quarter,4:45.0,Allen Iverson,PHI,False,2-pointer,2,12-19,'CLE',trails
9,9,9,200602040CLE,22.7,4.1,1st quarter,4:36.0,Allen Iverson,PHI,False,2-pointer,2,12-19,'CLE',trails
10,10,10,200602040CLE,21.4,5.7,1st quarter,4:25.0,Chris Webber,PHI,True,2-pointer,3,14-19,'CLE',trails
11,11,11,200602040CLE,21.9,4.1,1st quarter,3:31.0,Chris Webber,PHI,False,2-pointer,2,14-22,'CLE',trails
12,12,12,200602040CLE,22.7,5.0,1st quarter,3:28.0,Samuel Dalembert,PHI,True,2-pointer,1,16-22,'CLE',trails
13,13,13,200602040CLE,22.4,4.9,1st quarter,3:02.0,Kevin Ollie,PHI,False,2-pointer,2,16-22,'CLE',trails
14,14,14,200602040CLE,22.9,5.0,1st quarter,3:00.0,Chris Webber,PHI,False,2-pointer,1,16-22,'CLE',trails
15,15,15,200602040CLE,22.2,4.5,1st quarter,2:57.0,Chris Webber,PHI,False,2-pointer,2,16-22,'CLE',trails
16,16,16,200602040CLE,22.9,4.1,1st quarter,2:54.0,Chris Webber,PHI,True,2-pointer,1,18-22,'CLE',trails
17,17,17,200602040CLE,24.3,4.5,1st quarter,1:46.0,Samuel Dalembert,PHI,False,2-pointer,1,20-25,'CLE',trails
18,18,18,200602040CLE,22.4,4.4,1st quarter,1:33.0,Chris Webber,PHI,True,2-pointer,2,22-25,'CLE',trails
19,19,19,200602040CLE,24.6,4.4,1st quarter,0:51.8,Samuel Dalembert,PHI,False,2-pointer,1,22-25,'CLE',trails
20,20,20,200602040CLE,16.0,24.1,1st quarter,0:36.9,Allen Iverson,PHI,False,2-pointer,21,22-27,'CLE',trails
21,21,21,200602040CLE,21.2,4.5,2nd quarter,11:16.0,Zendon Hamilton,PHI,False,2-pointer,3,23-34,'CLE',trails
22,22,22,200602040CLE,25.0,4.4,2nd quarter,10:56.0,Allen Iverson,PHI,True,2-pointer,1,25-34,'CLE',trails
23,23,23,200602040CLE,23.8,7.0,2nd quarter,10:12.0,Allen Iverson,PHI,True,2-pointer,2,27-37,'CLE',trails
24,24,24,200602040CLE,26.1,9.0,2nd quarter,9:01.0,Kevin Ollie,PHI,False,2-pointer,5,27-39,'CLE',trails
25,25,25,200602040CLE,47.2,12.4,2nd quarter,8:42.0,Kyle Korver,PHI,False,3-pointer,24,27-39,'CLE',trails
26,26,26,200602040CLE,40.3,1.4,2nd quarter,7:40.0,John Salmons,PHI,False,2-pointer,17,27-41,'CLE',trails
27,27,27,200602040CLE,23.5,14.7,2nd quarter,7:14.0,Kyle Korver,PHI,True,2-pointer,10,30-41,'CLE',trails
28,28,28,200602040CLE,23.5,5.3,2nd quarter,6:19.0,Samuel Dalembert,PHI,False,2-pointer,1,32-41,'CLE',trails
29,29,29,200602040CLE,23.2,4.9,2nd quarter,6:17.0,Chris Webber,PHI,True,2-pointer,1,34-41,'CLE',trails
30,30,30,200602040CLE,10.4,1.8,2nd quarter,5:31.0,Allen Iverson,PHI,True,2-pointer,14,36-41,'CLE',trails
31,31,31,200602040CLE,13.3,18.8,2nd quarter,4:57.0,Chris Webber,PHI,True,2-pointer,17,38-41,'CLE',trails
32,32,32,200602040CLE,14.5,27.9,2nd quarter,4:06.0,Kyle Korver,PHI,True,3-pointer,25,41-43,'CLE',trails
33,33,33,200602040CLE,28.7,12.6,2nd quarter,3:23.0,Chris Webber,PHI,True,2-pointer,9,43-45,'CLE',trails
34,34,34,200602040CLE,11.5,18.8,2nd quarter,2:16.0,Allen Iverson,PHI,False,2-pointer,19,43-47,'CLE',trails
35,35,35,200602040CLE,22.4,4.7,2nd quarter,1:51.0,Chris Webber,PHI,True,2-pointer,2,45-47,'CLE',trails
36,36,36,200602040CLE,37.3,7.3,2nd quarter,1:15.0,Allen Iverson,PHI,True,2-pointer,14,48-49,'CLE',trails
37,37,37,200602040CLE,11.7,26.5,2nd quarter,0:36.9,Kyle Korver,PHI,False,3-pointer,25,48-49,'CLE',trails
38,38,38,200602040CLE,22.7,3.7,2nd quarter,0:34.9,Michael Bradley,PHI,True,2-pointer,2,50-49,'CLE',leads
39,39,39,200602040CLE,22.5,5.3,2nd quarter,0:02.9,Allen Iverson,PHI,False,2-pointer,2,50-52,'CLE',trails
40,40,40,200602040CLE,23.4,29.2,3rd quarter,11:07.0,Chris Webber,PHI,False,3-pointer,24,50-54,'CLE',trails
41,41,41,200602040CLE,10.5,2.9,3rd quarter,10:40.0,Samuel Dalembert,PHI,False,2-pointer,14,50-54,'CLE',trails
42,42,42,200602040CLE,19.9,7.0,3rd quarter,10:05.0,Allen Iverson,PHI,True,2-pointer,5,52-56,'CLE',trails
43,43,43,200602040CLE,33.8,21.1,3rd quarter,9:42.0,Chris Webber,PHI,False,2-pointer,19,53-59,'CLE',trails
44,44,44,200602040CLE,22.4,5.2,3rd quarter,9:36.0,Samuel Dalembert,PHI,True,2-pointer,2,55-59,'CLE',trails
45,45,45,200602040CLE,22.7,4.5,3rd quarter,9:06.0,Samuel Dalembert,PHI,True,2-pointer,1,57-59,'CLE',trails
46,46,46,200602040CLE,4.6,14.5,3rd quarter,8:24.0,Allen Iverson,PHI,True,2-pointer,22,59-59,'CLE',tied
47,47,47,200602040CLE,24.3,5.2,3rd quarter,7:51.0,John Salmons,PHI,False,2-pointer,0,59-61,'CLE',trails
48,48,48,200602040CLE,23.2,4.4,3rd quarter,7:49.0,John Salmons,PHI,True,2-pointer,1,61-61,'CLE',tied
49,49,49,200602040CLE,0.2,2.7,3rd quarter,7:15.0,Andre Iguodala,PHI,True,3-pointer,24,64-63,'CLE',leads
50,50,50,200602040CLE,21.7,21.6,3rd quarter,6:45.0,Allen Iverson,PHI,False,2-pointer,17,64-63,'CLE',leads
51,51,51,200602040CLE,7.6,10.8,3rd quarter,6:06.0,Chris Webber,PHI,True,2-pointer,17,66-65,'CLE',leads
52,52,52,200602040CLE,2.2,2.7,3rd quarter,4:49.0,Allen Iverson,PHI,False,2-pointer,22,68-65,'CLE',leads
53,53,53,200602040CLE,22.7,8.6,3rd quarter,4:10.0,Allen Iverson,PHI,True,2-pointer,4,70-65,'CLE',leads
54,54,54,200602040CLE,18.1,5.5,3rd quarter,3:44.0,Andre Iguodala,PHI,False,2-pointer,6,70-65,'CLE',leads
55,55,55,200602040CLE,22.2,8.1,3rd quarter,3:12.0,Michael Bradley,PHI,True,2-pointer,4,72-65,'CLE',leads
56,56,56,200602040CLE,41.7,3.2,3rd quarter,2:26.0,Michael Bradley,PHI,False,2-pointer,18,72-65,'CLE',leads
57,57,57,200602040CLE,47.2,2.2,3rd quarter,1:51.0,Andre Iguodala,PHI,False,3-pointer,23,72-67,'CLE',leads
58,58,58,200602040CLE,4.0,8.1,3rd quarter,0:33.8,Allen Iverson,PHI,False,2-pointer,20,74-69,'CLE',leads
59,59,59,200602040CLE,22.7,5.2,4th quarter,11:40.0,Allen Iverson,PHI,True,2-pointer,1,76-69,'CLE',leads
60,60,60,200602040CLE,22.2,4.4,4th quarter,11:04.0,Andre Iguodala,PHI,False,2-pointer,2,76-69,'CLE',leads
61,61,61,200602040CLE,8.7,26.0,4th quarter,10:32.0,Allen Iverson,PHI,False,3-pointer,26,76-69,'CLE',leads
62,62,62,200602040CLE,38.3,4.4,4th quarter,9:14.0,Samuel Dalembert,PHI,False,2-pointer,14,78-75,'CLE',leads
63,63,63,200602040CLE,47.0,4.4,4th quarter,8:21.0,Kyle Korver,PHI,True,3-pointer,23,81-77,'CLE',leads
64,64,64,200602040CLE,26.6,8.1,4th quarter,7:39.0,Samuel Dalembert,PHI,True,2-pointer,4,83-77,'CLE',leads
65,65,65,200602040CLE,6.6,7.0,4th quarter,6:52.0,Chris Webber,PHI,True,2-pointer,18,85-79,'CLE',leads
66,66,66,200602040CLE,23.8,25.2,4th quarter,6:11.0,Allen Iverson,PHI,True,2-pointer,20,87-79,'CLE',leads
67,67,67,200602040CLE,20.7,26.0,4th quarter,5:39.0,Kyle Korver,PHI,False,2-pointer,21,87-80,'CLE',leads
68,68,68,200602040CLE,24.0,4.2,4th quarter,4:34.0,Samuel Dalembert,PHI,True,2-pointer,1,91-82,'CLE',leads
69,69,69,200602040CLE,44.7,19.0,4th quarter,3:46.0,John Salmons,PHI,False,3-pointer,25,91-82,'CLE',leads
70,70,70,200602040CLE,21.7,4.5,4th quarter,2:42.0,Andre Iguodala,PHI,True,2-pointer,2,93-84,'CLE',leads
71,71,71,200602040CLE,16.0,11.6,4th quarter,2:04.0,Chris Webber,PHI,False,2-pointer,10,93-84,'CLE',leads
72,72,72,200602040CLE,22.0,8.6,4th quarter,1:38.0,Allen Iverson,PHI,False,2-pointer,4,93-87,'CLE',leads
73,73,73,200602040CLE,4.1,16.0,4th quarter,0:30.9,Chris Webber,PHI,True,2-pointer,23,97-89,'CLE',leads
74,74,74,200602040CLE,23.2,4.5,1st quarter,11:33.0,LeBron James,CLE,True,2-pointer,1,2-0,'CLE',leads
75,75,75,200602040CLE,41.9,21.4,1st quarter,10:53.0,Sasha Pavlović,CLE,False,3-pointer,24,2-0,'CLE',leads
76,76,76,200602040CLE,23.8,5.2,1st quarter,10:37.0,Drew Gooden,CLE,False,2-pointer,0,2-0,'CLE',leads
77,77,77,200602040CLE,24.0,4.9,1st quarter,10:36.0,Drew Gooden,CLE,True,2-pointer,0,4-0,'CLE',leads
78,78,78,200602040CLE,6.3,7.8,1st quarter,9:48.0,Zydrunas Ilgauskas,CLE,True,2-pointer,18,6-0,'CLE',leads
79,79,79,200602040CLE,21.9,4.7,1st quarter,9:21.0,Zydrunas Ilgauskas,CLE,True,2-pointer,2,8-0,'CLE',leads
80,80,80,200602040CLE,21.9,5.0,1st quarter,8:59.0,LeBron James,CLE,False,2-pointer,2,8-0,'CLE',leads
81,81,81,200602040CLE,22.5,8.5,1st quarter,8:16.0,Zydrunas Ilgauskas,CLE,True,2-pointer,4,11-2,'CLE',leads
82,82,82,200602040CLE,36.8,3.6,1st quarter,7:34.0,Drew Gooden,CLE,True,2-pointer,13,13-4,'CLE',leads
83,83,83,200602040CLE,25.0,5.3,1st quarter,6:59.0,Zydrunas Ilgauskas,CLE,False,2-pointer,1,13-4,'CLE',leads
84,84,84,200602040CLE,21.7,5.2,1st quarter,6:30.0,Drew Gooden,CLE,True,2-pointer,2,15-6,'CLE',leads
85,85,85,200602040CLE,21.1,4.9,1st quarter,5:58.0,Sasha Pavlović,CLE,True,2-pointer,3,17-8,'CLE',leads
86,86,86,200602040CLE,24.5,29.8,1st quarter,5:26.0,LeBron James,CLE,False,3-pointer,25,17-10,'CLE',leads
87,87,87,200602040CLE,10.9,11.1,1st quarter,5:04.0,Drew Gooden,CLE,True,2-pointer,14,19-10,'CLE',leads
88,88,88,200602040CLE,22.7,4.7,1st quarter,3:51.0,Drew Gooden,CLE,True,2-pointer,1,22-14,'CLE',leads
89,89,89,200602040CLE,24.3,7.5,1st quarter,3:16.0,Eric Snow,CLE,False,2-pointer,3,22-16,'CLE',leads
90,90,90,200602040CLE,22.7,5.0,1st quarter,3:08.0,Drew Gooden,CLE,False,2-pointer,1,22-16,'CLE',leads
91,91,91,200602040CLE,14.8,6.5,1st quarter,2:45.0,Drew Gooden,CLE,False,2-pointer,9,22-18,'CLE',leads
92,92,92,200602040CLE,0.3,2.4,1st quarter,2:13.0,LeBron James,CLE,True,3-pointer,24,25-20,'CLE',leads
93,93,93,200602040CLE,25.6,5.3,1st quarter,1:40.0,Eric Snow,CLE,False,2-pointer,2,25-20,'CLE',leads
94,94,94,200602040CLE,41.7,21.8,1st quarter,1:11.0,Donyell Marshall,CLE,False,3-pointer,24,25-22,'CLE',leads
95,95,95,200602040CLE,-0.5,2.7,1st quarter,0:00.0,Damon Jones,CLE,True,3-pointer,25,32-23,'CLE',leads
96,96,96,200602040CLE,23.2,4.4,2nd quarter,11:36.0,Zydrunas Ilgauskas,CLE,True,2-pointer,1,34-23,'CLE',leads
97,97,97,200602040CLE,23.0,5.0,2nd quarter,10:25.0,Donyell Marshall,CLE,True,2-pointer,1,37-25,'CLE',leads
98,98,98,200602040CLE,46.5,4.2,2nd quarter,8:22.0,Damon Jones,CLE,False,3-pointer,23,39-27,'CLE',leads
99,99,99,200602040CLE,21.2,12.6,2nd quarter,7:53.0,Zydrunas Ilgauskas,CLE,True,2-pointer,8,41-27,'CLE',leads
100,100,100,200602040CLE,22.9,30.0,2nd quarter,6:53.0,Luke Jackson,CLE,False,3-pointer,25,41-30,'CLE',leads
101,101,101,200602040CLE,39.1,24.9,2nd quarter,6:30.0,LeBron James,CLE,False,3-pointer,25,41-32,'CLE',leads
102,102,102,200602040CLE,46.5,1.9,2nd quarter,5:44.0,Damon Jones,CLE,False,3-pointer,23,41-34,'CLE',leads
103,103,103,200602040CLE,17.8,11.6,2nd quarter,4:29.0,Zydrunas Ilgauskas,CLE,False,2-pointer,9,41-38,'CLE',leads
104,104,104,200602040CLE,23.4,5.5,2nd quarter,4:26.0,Drew Gooden,CLE,True,2-pointer,1,43-38,'CLE',leads
105,105,105,200602040CLE,31.9,19.6,2nd quarter,3:38.0,Zydrunas Ilgauskas,CLE,True,2-pointer,17,45-41,'CLE',leads
106,106,106,200602040CLE,23.0,4.4,2nd quarter,2:44.0,LeBron James,CLE,True,2-pointer,1,47-43,'CLE',leads
107,107,107,200602040CLE,20.7,5.5,3rd quarter,11:41.0,Zydrunas Ilgauskas,CLE,False,2-pointer,3,52-50,'CLE',leads
108,108,108,200602040CLE,14.3,27.7,3rd quarter,11:35.0,Sasha Pavlović,CLE,False,3-pointer,25,52-50,'CLE',leads
109,109,109,200602040CLE,22.9,4.9,3rd quarter,11:31.0,Drew Gooden,CLE,True,2-pointer,1,54-50,'CLE',leads
110,110,110,200602040CLE,16.6,21.8,3rd quarter,10:53.0,Drew Gooden,CLE,False,2-pointer,18,54-50,'CLE',leads
111,111,111,200602040CLE,25.3,10.9,3rd quarter,10:19.0,Zydrunas Ilgauskas,CLE,True,2-pointer,6,56-50,'CLE',leads
112,112,112,200602040CLE,22.5,4.9,3rd quarter,9:55.0,LeBron James,CLE,True,2-pointer,2,58-53,'CLE',leads
113,113,113,200602040CLE,29.9,7.6,3rd quarter,8:43.0,Drew Gooden,CLE,False,2-pointer,6,59-57,'CLE',leads
114,114,114,200602040CLE,20.9,25.1,3rd quarter,8:05.0,LeBron James,CLE,True,2-pointer,20,61-59,'CLE',leads
115,115,115,200602040CLE,38.8,14.7,3rd quarter,7:35.0,LeBron James,CLE,True,2-pointer,18,63-61,'CLE',leads
116,116,116,200602040CLE,8.4,25.1,3rd quarter,6:55.0,Sasha Pavlović,CLE,False,3-pointer,25,63-64,'CLE',trails
117,117,117,200602040CLE,23.0,4.1,3rd quarter,6:30.0,Sasha Pavlović,CLE,True,2-pointer,1,65-64,'CLE',leads
118,118,118,200602040CLE,36.5,17.5,3rd quarter,5:56.0,Eric Snow,CLE,False,2-pointer,18,65-66,'CLE',trails
119,119,119,200602040CLE,9.1,3.7,3rd quarter,5:00.0,Zydrunas Ilgauskas,CLE,False,2-pointer,15,65-68,'CLE',trails
120,120,120,200602040CLE,23.4,4.7,3rd quarter,4:59.0,Anderson Varejão,CLE,False,2-pointer,1,65-68,'CLE',trails
121,121,121,200602040CLE,1.3,17.2,3rd quarter,4:28.0,Damon Jones,CLE,False,3-pointer,26,65-68,'CLE',trails
122,122,122,200602040CLE,-0.1,2.2,3rd quarter,3:25.0,Donyell Marshall,CLE,False,3-pointer,24,65-70,'CLE',trails
123,123,123,200602040CLE,47.0,2.7,3rd quarter,2:50.0,Damon Jones,CLE,False,3-pointer,23,65-72,'CLE',trails
124,124,124,200602040CLE,12.7,5.3,3rd quarter,2:15.0,LeBron James,CLE,True,2-pointer,11,67-72,'CLE',trails
125,125,125,200602040CLE,38.6,25.6,3rd quarter,1:43.0,LeBron James,CLE,False,3-pointer,25,67-72,'CLE',trails
126,126,126,200602040CLE,47.2,1.8,3rd quarter,1:16.0,Luke Jackson,CLE,False,3-pointer,23,67-72,'CLE',trails
127,127,127,200602040CLE,20.9,5.3,3rd quarter,0:58.9,Drew Gooden,CLE,False,2-pointer,3,67-74,'CLE',trails
128,128,128,200602040CLE,42.4,1.4,3rd quarter,0:47.9,LeBron James,CLE,True,2-pointer,19,69-74,'CLE',trails
129,129,129,200602040CLE,7.6,2.2,3rd quarter,0:19.9,Anderson Varejão,CLE,False,2-pointer,17,69-74,'CLE',trails
130,130,130,200602040CLE,3.1,1.6,4th quarter,11:22.0,Luke Jackson,CLE,False,2-pointer,21,69-76,'CLE',trails
131,131,131,200602040CLE,21.2,6.0,4th quarter,10:55.0,Anderson Varejão,CLE,False,2-pointer,3,69-76,'CLE',trails
132,132,132,200602040CLE,14.5,28.2,4th quarter,10:19.0,Damon Jones,CLE,True,3-pointer,25,72-76,'CLE',trails
133,133,133,200602040CLE,8.6,24.9,4th quarter,9:38.0,LeBron James,CLE,True,3-pointer,25,75-78,'CLE',trails
134,134,134,200602040CLE,16.3,5.2,4th quarter,8:58.0,Drew Gooden,CLE,True,2-pointer,8,77-78,'CLE',trails
135,135,135,200602040CLE,24.5,6.0,4th quarter,8:11.0,LeBron James,CLE,False,2-pointer,1,77-81,'CLE',trails
136,136,136,200602040CLE,31.1,9.0,4th quarter,7:18.0,Drew Gooden,CLE,False,2-pointer,8,77-83,'CLE',trails
137,137,137,200602040CLE,22.7,5.7,4th quarter,7:12.0,Zydrunas Ilgauskas,CLE,False,2-pointer,1,77-83,'CLE',trails
138,138,138,200602040CLE,22.2,3.9,4th quarter,7:09.0,Zydrunas Ilgauskas,CLE,True,2-pointer,2,79-83,'CLE',trails
139,139,139,200602040CLE,40.9,0.8,4th quarter,6:28.0,Zydrunas Ilgauskas,CLE,False,2-pointer,17,79-85,'CLE',trails
140,140,140,200602040CLE,23.2,14.5,4th quarter,5:30.0,Drew Gooden,CLE,True,2-pointer,10,82-89,'CLE',trails
141,141,141,200602040CLE,37.8,2.1,4th quarter,4:52.0,Eric Snow,CLE,False,2-pointer,14,82-89,'CLE',trails
142,142,142,200602040CLE,22.9,4.2,4th quarter,4:49.0,Drew Gooden,CLE,False,2-pointer,1,82-89,'CLE',trails
143,143,143,200602040CLE,22.0,4.9,4th quarter,4:48.0,Drew Gooden,CLE,False,2-pointer,2,82-89,'CLE',trails
144,144,144,200602040CLE,44.2,18.2,4th quarter,4:14.0,Sasha Pavlović,CLE,False,3-pointer,24,82-91,'CLE',trails
145,145,145,200602040CLE,39.4,1.8,4th quarter,3:31.0,LeBron James,CLE,True,2-pointer,16,84-91,'CLE',trails
146,146,146,200602040CLE,22.9,6.0,4th quarter,2:59.0,Drew Gooden,CLE,False,2-pointer,1,84-91,'CLE',trails
147,147,147,200602040CLE,14.6,21.4,4th quarter,2:27.0,Zydrunas Ilgauskas,CLE,False,2-pointer,19,84-93,'CLE',trails
148,148,148,200602040CLE,14.0,27.5,4th quarter,1:52.0,Sasha Pavlović,CLE,True,3-pointer,25,87-93,'CLE',trails
149,149,149,200602040CLE,39.8,25.2,4th quarter,0:24.9,LeBron James,CLE,False,3-pointer,26,89-97,'CLE',trails
150,150,150,200602040CLE,0.5,2.7,4th quarter,0:16.9,LeBron James,CLE,False,3-pointer,24,89-97,'CLE',trails
151,151,151,200602040CLE,13.2,27.7,4th quarter,0:05.9,Sasha Pavlović,CLE,True,3-pointer,25,95-99,'CLE',trails
152,152,152,200602040DAL,44.4,5.0,1st quarter,11:16.0,Vladimir Radmanović,SEA,True,2-pointer,20,2-0,'DAL',leads
153,153,153,200602040DAL,24.0,5.0,1st quarter,10:43.0,Rashard Lewis,SEA,False,2-pointer,0,2-2,'DAL',tied
154,154,154,200602040DAL,17.8,6.5,1st quarter,10:36.0,Robert Swift,SEA,False,2-pointer,6,2-2,'DAL',tied
155,155,155,200602040DAL,25.5,19.6,1st quarter,10:08.0,Ray Allen,SEA,True,2-pointer,15,4-4,'DAL',tied
156,156,156,200602040DAL,23.7,9.5,1st quarter,9:35.0,Vladimir Radmanović,SEA,True,2-pointer,5,6-4,'DAL',leads
157,157,157,200602040DAL,24.0,5.0,1st quarter,9:17.0,Luke Ridnour,SEA,True,2-pointer,0,8-4,'DAL',leads
158,158,158,200602040DAL,24.6,10.1,1st quarter,8:35.0,Ray Allen,SEA,False,2-pointer,5,8-7,'DAL',leads
159,159,159,200602040DAL,35.8,27.4,1st quarter,8:27.0,Vladimir Radmanović,SEA,False,3-pointer,25,8-7,'DAL',leads
160,160,160,200602040DAL,31.1,7.8,1st quarter,8:02.0,Vladimir Radmanović,SEA,False,2-pointer,8,8-10,'DAL',trails
161,161,161,200602040DAL,24.0,5.0,1st quarter,7:10.0,Rashard Lewis,SEA,False,2-pointer,0,10-12,'DAL',trails
162,162,162,200602040DAL,24.0,5.0,1st quarter,7:08.0,Robert Swift,SEA,True,2-pointer,0,12-12,'DAL',tied
163,163,163,200602040DAL,34.5,4.4,1st quarter,6:39.0,Ray Allen,SEA,False,2-pointer,11,12-14,'DAL',trails
164,164,164,200602040DAL,24.0,5.0,1st quarter,6:07.0,Ray Allen,SEA,True,2-pointer,0,14-16,'DAL',trails
165,165,165,200602040DAL,14.1,11.6,1st quarter,5:37.0,Ray Allen,SEA,False,2-pointer,12,14-16,'DAL',trails
166,166,166,200602040DAL,24.0,5.0,1st quarter,5:12.0,Vladimir Radmanović,SEA,False,2-pointer,0,14-19,'DAL',trails
167,167,167,200602040DAL,47.2,2.9,1st quarter,4:43.0,Vladimir Radmanović,SEA,False,3-pointer,23,14-22,'DAL',trails
168,168,168,200602040DAL,24.0,5.0,1st quarter,3:33.0,Luke Ridnour,SEA,False,2-pointer,0,14-24,'DAL',trails
169,169,169,200602040DAL,24.0,5.0,1st quarter,2:40.0,Luke Ridnour,SEA,False,2-pointer,0,14-24,'DAL',trails
170,170,170,200602040DAL,24.0,5.0,1st quarter,2:12.0,Ronald Murray,SEA,False,2-pointer,0,14-26,'DAL',trails
171,171,171,200602040DAL,24.3,11.1,1st quarter,1:04.0,Robert Swift,SEA,True,2-pointer,6,16-32,'DAL',trails
172,172,172,200602040DAL,34.5,6.0,1st quarter,0:32.9,Nick Collison,SEA,True,2-pointer,11,18-32,'DAL',trails
173,173,173,200602040DAL,36.1,22.3,1st quarter,0:00.8,Luke Ridnour,SEA,True,2-pointer,21,20-32,'DAL',trails
174,174,174,200602040DAL,6.6,4.4,2nd quarter,11:35.0,Ray Allen,SEA,False,2-pointer,17,20-32,'DAL',trails
175,175,175,200602040DAL,33.4,18.2,2nd quarter,11:00.0,Damien Wilkins,SEA,True,2-pointer,16,22-32,'DAL',trails
176,176,176,200602040DAL,24.0,5.0,2nd quarter,10:31.0,Nick Collison,SEA,True,2-pointer,0,24-34,'DAL',trails
177,177,177,200602040DAL,24.0,5.0,2nd quarter,10:13.0,Damien Wilkins,SEA,True,2-pointer,0,26-34,'DAL',trails
178,178,178,200602040DAL,29.6,14.5,2nd quarter,9:46.0,Damien Wilkins,SEA,True,2-pointer,11,28-34,'DAL',trails
179,179,179,200602040DAL,31.5,8.5,2nd quarter,9:10.0,Damien Wilkins,SEA,True,2-pointer,8,30-37,'DAL',trails
180,180,180,200602040DAL,24.0,5.0,2nd quarter,8:35.0,Ronald Murray,SEA,False,2-pointer,0,30-37,'DAL',trails
181,181,181,200602040DAL,41.6,7.6,2nd quarter,7:30.0,Ronald Murray,SEA,False,2-pointer,18,32-42,'DAL',trails
182,182,182,200602040DAL,15.1,21.1,2nd quarter,7:05.0,Ray Allen,SEA,True,2-pointer,18,34-42,'DAL',trails
183,183,183,200602040DAL,37.6,21.6,2nd quarter,6:26.0,Ray Allen,SEA,False,2-pointer,21,34-44,'DAL',trails
184,184,184,200602040DAL,24.0,5.0,2nd quarter,6:01.0,Ronald Murray,SEA,True,2-pointer,0,36-44,'DAL',trails
185,185,185,200602040DAL,24.0,5.0,2nd quarter,5:32.0,Ronald Murray,SEA,True,2-pointer,0,38-44,'DAL',trails
186,186,186,200602040DAL,38.0,12.6,2nd quarter,3:59.0,Rashard Lewis,SEA,False,2-pointer,16,38-48,'DAL',trails
187,187,187,200602040DAL,24.0,5.0,2nd quarter,3:57.0,Nick Collison,SEA,True,2-pointer,0,40-48,'DAL',trails
188,188,188,200602040DAL,36.3,12.6,2nd quarter,3:32.0,Luke Ridnour,SEA,False,2-pointer,14,41-48,'DAL',trails
189,189,189,200602040DAL,33.7,14.4,2nd quarter,2:35.0,Ray Allen,SEA,False,2-pointer,14,42-50,'DAL',trails
190,190,190,200602040DAL,24.0,5.0,2nd quarter,2:30.0,Robert Swift,SEA,True,2-pointer,0,44-50,'DAL',trails
191,191,191,200602040DAL,24.0,5.0,2nd quarter,1:59.0,Ray Allen,SEA,True,2-pointer,0,46-52,'DAL',trails
192,192,192,200602040DAL,36.0,26.9,2nd quarter,1:35.0,Ray Allen,SEA,False,3-pointer,25,46-52,'DAL',trails
193,193,193,200602040DAL,24.0,5.0,2nd quarter,0:08.3,Robert Swift,SEA,True,2-pointer,0,51-54,'DAL',trails
194,194,194,200602040DAL,24.5,29.7,3rd quarter,11:02.0,Vladimir Radmanović,SEA,True,3-pointer,25,55-56,'DAL',trails
195,195,195,200602040DAL,24.0,5.0,3rd quarter,10:22.0,Vladimir Radmanović,SEA,False,2-pointer,0,55-58,'DAL',trails
196,196,196,200602040DAL,46.5,5.7,3rd quarter,9:13.0,Rashard Lewis,SEA,False,3-pointer,23,55-60,'DAL',trails
197,197,197,200602040DAL,24.0,5.0,3rd quarter,8:07.0,Luke Ridnour,SEA,False,2-pointer,0,55-63,'DAL',trails
198,198,198,200602040DAL,40.3,23.6,3rd quarter,7:35.0,Ray Allen,SEA,True,3-pointer,25,58-65,'DAL',trails
199,199,199,200602040DAL,34.8,22.6,3rd quarter,6:53.0,Ray Allen,SEA,False,2-pointer,21,58-65,'DAL',trails
200,200,200,200602040DAL,10.0,26.4,3rd quarter,6:47.0,Rashard Lewis,SEA,False,3-pointer,26,58-65,'DAL',trails
201,201,201,200602040DAL,25.0,29.2,3rd quarter,6:40.0,Luke Ridnour,SEA,True,3-pointer,24,61-65,'DAL',trails
202,202,202,200602040DAL,19.6,9.1,3rd quarter,6:03.0,Rashard Lewis,SEA,False,2-pointer,6,61-65,'DAL',trails
203,203,203,200602040DAL,24.0,5.0,3rd quarter,6:01.0,Robert Swift,SEA,True,2-pointer,0,63-65,'DAL',trails
204,204,204,200602040DAL,32.0,23.6,3rd quarter,5:19.0,Ray Allen,SEA,False,2-pointer,20,63-66,'DAL',trails
205,205,205,200602040DAL,12.0,9.9,3rd quarter,4:44.0,Luke Ridnour,SEA,False,2-pointer,13,63-69,'DAL',trails
206,206,206,200602040DAL,24.0,5.0,3rd quarter,4:42.0,Robert Swift,SEA,False,2-pointer,0,63-69,'DAL',trails
207,207,207,200602040DAL,24.0,5.0,3rd quarter,4:04.0,Nick Collison,SEA,True,2-pointer,0,65-69,'DAL',trails
208,208,208,200602040DAL,8.7,23.7,3rd quarter,3:27.0,Rashard Lewis,SEA,False,3-pointer,24,66-71,'DAL',trails
209,209,209,200602040DAL,23.2,12.1,3rd quarter,2:59.0,Rashard Lewis,SEA,False,2-pointer,7,66-71,'DAL',trails
210,210,210,200602040DAL,24.0,5.0,3rd quarter,2:46.0,Rashard Lewis,SEA,True,2-pointer,0,68-71,'DAL',trails
211,211,211,200602040DAL,24.0,5.0,3rd quarter,1:42.0,Ronald Murray,SEA,False,2-pointer,0,70-74,'DAL',trails
212,212,212,200602040DAL,16.8,20.6,3rd quarter,0:16.7,Luke Ridnour,SEA,True,2-pointer,17,74-80,'DAL',trails
213,213,213,200602040DAL,37.0,15.7,4th quarter,10:48.0,Mikki Moore,SEA,False,2-pointer,17,74-85,'DAL',trails
214,214,214,200602040DAL,8.7,24.2,4th quarter,10:13.0,Ray Allen,SEA,False,3-pointer,25,74-88,'DAL',trails
215,215,215,200602040DAL,24.0,5.0,4th quarter,9:48.0,Damien Wilkins,SEA,True,2-pointer,0,76-90,'DAL',trails
216,216,216,200602040DAL,24.0,5.0,4th quarter,9:24.0,Ronald Murray,SEA,True,2-pointer,0,78-92,'DAL',trails
217,217,217,200602040DAL,15.8,4.5,4th quarter,8:36.0,Damien Wilkins,SEA,True,2-pointer,8,81-94,'DAL',trails
218,218,218,200602040DAL,24.0,5.0,4th quarter,7:51.0,Ronald Murray,SEA,False,2-pointer,0,81-94,'DAL',trails
219,219,219,200602040DAL,2.6,16.7,4th quarter,7:30.0,Ray Allen,SEA,True,3-pointer,24,84-96,'DAL',trails
220,220,220,200602040DAL,3.5,18.7,4th quarter,7:03.0,Ray Allen,SEA,False,3-pointer,25,84-96,'DAL',trails
221,221,221,200602040DAL,35.5,14.2,4th quarter,6:44.0,Damien Wilkins,SEA,False,2-pointer,15,84-96,'DAL',trails
222,222,222,200602040DAL,14.5,11.9,4th quarter,4:05.0,Luke Ridnour,SEA,True,2-pointer,12,87-100,'DAL',trails
223,223,223,200602040DAL,6.3,21.1,4th quarter,3:11.0,Ray Allen,SEA,False,3-pointer,24,87-104,'DAL',trails
224,224,224,200602040DAL,33.7,11.6,4th quarter,3:03.0,Damien Wilkins,SEA,False,2-pointer,12,87-104,'DAL',trails
225,225,225,200602040DAL,24.0,5.0,4th quarter,3:00.0,Damien Wilkins,SEA,True,2-pointer,0,89-104,'DAL',trails
226,226,226,200602040DAL,35.8,19.8,4th quarter,1:54.0,Rashard Lewis,SEA,False,2-pointer,19,89-106,'DAL',trails
227,227,227,200602040DAL,34.0,23.1,4th quarter,1:18.0,Luke Ridnour,SEA,False,2-pointer,21,89-108,'DAL',trails
228,228,228,200602040DAL,10.5,13.4,4th quarter,0:33.4,Johan Petro,SEA,True,2-pointer,16,91-110,'DAL',trails
229,229,229,200602040DAL,9.1,11.1,4th quarter,0:08.9,Mateen Cleaves,SEA,False,2-pointer,16,91-110,'DAL',trails
230,230,230,200602040DAL,24.0,5.0,1st quarter,11:44.0,Josh Howard,DAL,False,2-pointer,0,0-0,'DAL',tied
231,231,231,200602040DAL,24.0,5.0,1st quarter,11:36.0,Josh Howard,DAL,False,2-pointer,0,0-0,'DAL',tied
232,232,232,200602040DAL,35.2,13.2,1st quarter,10:56.0,Jason Terry,DAL,True,2-pointer,14,2-2,'DAL',tied
233,233,233,200602040DAL,29.2,17.3,1st quarter,10:22.0,Dirk Nowitzki,DAL,True,2-pointer,13,4-2,'DAL',leads
234,234,234,200602040DAL,39.9,5.8,1st quarter,9:56.0,Dirk Nowitzki,DAL,False,2-pointer,16,4-4,'DAL',tied
235,235,235,200602040DAL,35.7,4.7,1st quarter,8:58.0,Jason Terry,DAL,False,2-pointer,12,4-8,'DAL',trails
236,236,236,200602040DAL,47.3,3.6,1st quarter,8:45.0,Jason Terry,DAL,True,3-pointer,23,7-8,'DAL',trails
237,237,237,200602040DAL,24.0,5.0,1st quarter,8:10.0,Adrian Griffin,DAL,True,2-pointer,0,9-8,'DAL',leads
238,238,238,200602040DAL,24.0,5.0,1st quarter,7:49.0,Dirk Nowitzki,DAL,True,2-pointer,0,12-8,'DAL',leads
239,239,239,200602040DAL,25.1,9.6,1st quarter,7:17.0,Jason Terry,DAL,False,2-pointer,5,12-10,'DAL',leads
240,240,240,200602040DAL,16.0,11.4,1st quarter,6:55.0,Josh Howard,DAL,True,2-pointer,10,14-12,'DAL',leads
241,241,241,200602040DAL,24.0,15.4,1st quarter,6:27.0,Dirk Nowitzki,DAL,False,2-pointer,10,14-12,'DAL',leads
242,242,242,200602040DAL,24.0,5.0,1st quarter,6:25.0,DeSagana Diop,DAL,True,2-pointer,0,16-12,'DAL',leads
243,243,243,200602040DAL,24.0,5.0,1st quarter,5:49.0,Dirk Nowitzki,DAL,False,2-pointer,0,16-14,'DAL',leads
244,244,244,200602040DAL,6.8,22.9,1st quarter,5:27.0,Josh Howard,DAL,True,3-pointer,25,19-14,'DAL',leads
245,245,245,200602040DAL,39.1,24.4,1st quarter,5:04.0,Jason Terry,DAL,True,3-pointer,25,22-14,'DAL',leads
246,246,246,200602040DAL,33.2,14.7,1st quarter,3:51.0,Dirk Nowitzki,DAL,True,2-pointer,13,24-14,'DAL',leads
247,247,247,200602040DAL,7.4,8.1,1st quarter,3:18.0,Adrian Griffin,DAL,False,2-pointer,17,24-14,'DAL',leads
248,248,248,200602040DAL,8.2,7.0,1st quarter,2:28.0,Jason Terry,DAL,True,2-pointer,16,26-14,'DAL',leads
249,249,249,200602040DAL,24.0,5.0,1st quarter,2:07.0,Keith Van,DAL,True,2-pointer,0,28-14,'DAL',leads
250,250,250,200602040DAL,32.7,21.3,1st quarter,1:30.0,Dirk Nowitzki,DAL,True,2-pointer,18,30-14,'DAL',leads
251,251,251,200602040DAL,24.0,5.0,1st quarter,1:18.0,Jerry Stackhouse,DAL,True,2-pointer,0,32-14,'DAL',leads
252,252,252,200602040DAL,29.1,28.3,1st quarter,0:47.9,Jason Terry,DAL,False,3-pointer,24,32-16,'DAL',leads
253,253,253,200602040DAL,47.2,4.1,1st quarter,0:11.9,Keith Van,DAL,False,3-pointer,23,32-18,'DAL',leads
254,254,254,200602040DAL,34.2,12.6,2nd quarter,11:13.0,Jerry Stackhouse,DAL,False,2-pointer,13,32-20,'DAL',leads
255,255,255,200602040DAL,22.4,15.0,2nd quarter,10:40.0,Jerry Stackhouse,DAL,False,2-pointer,10,32-22,'DAL',leads
256,256,256,200602040DAL,8.6,11.9,2nd quarter,9:53.0,Keith Van,DAL,False,2-pointer,17,34-26,'DAL',leads
257,257,257,200602040DAL,24.0,5.0,2nd quarter,9:29.0,Erick Dampier,DAL,False,2-pointer,0,34-28,'DAL',leads
258,258,258,200602040DAL,46.8,7.8,2nd quarter,9:23.0,Jason Terry,DAL,True,3-pointer,23,37-28,'DAL',leads
259,259,259,200602040DAL,24.0,5.0,2nd quarter,8:31.0,Devin Harris,DAL,True,2-pointer,0,39-30,'DAL',leads
260,260,260,200602040DAL,41.4,21.8,2nd quarter,7:23.0,Jason Terry,DAL,False,3-pointer,24,42-32,'DAL',leads
261,261,261,200602040DAL,24.1,10.1,2nd quarter,5:40.0,Dirk Nowitzki,DAL,False,2-pointer,5,44-36,'DAL',leads
262,262,262,200602040DAL,24.0,5.0,2nd quarter,5:13.0,Jerry Stackhouse,DAL,True,2-pointer,0,46-38,'DAL',leads
263,263,263,200602040DAL,24.0,5.0,2nd quarter,4:27.0,Josh Howard,DAL,False,2-pointer,0,46-38,'DAL',leads
264,264,264,200602040DAL,23.5,10.9,2nd quarter,4:10.0,Jerry Stackhouse,DAL,True,2-pointer,6,48-38,'DAL',leads
265,265,265,200602040DAL,24.3,10.6,2nd quarter,3:42.0,Jerry Stackhouse,DAL,False,2-pointer,6,48-41,'DAL',leads
266,266,266,200602040DAL,40.3,7.5,2nd quarter,3:15.0,Jason Terry,DAL,False,2-pointer,16,48-41,'DAL',leads
267,267,267,200602040DAL,7.4,14.9,2nd quarter,3:10.0,Dirk Nowitzki,DAL,False,2-pointer,19,48-41,'DAL',leads
268,268,268,200602040DAL,23.5,19.0,2nd quarter,2:55.0,Jason Terry,DAL,True,2-pointer,14,50-41,'DAL',leads
269,269,269,200602040DAL,15.0,15.0,2nd quarter,2:13.0,Josh Howard,DAL,True,2-pointer,13,52-44,'DAL',leads
270,270,270,200602040DAL,24.0,5.0,2nd quarter,1:19.0,Dirk Nowitzki,DAL,False,2-pointer,0,52-46,'DAL',leads
271,271,271,200602040DAL,19.1,11.1,2nd quarter,0:44.5,Josh Howard,DAL,True,2-pointer,8,54-48,'DAL',leads
272,272,272,200602040DAL,8.9,24.4,2nd quarter,0:18.9,Keith Van,DAL,False,3-pointer,25,54-49,'DAL',leads
273,273,273,200602040DAL,24.0,16.8,2nd quarter,0:00.9,Dirk Nowitzki,DAL,False,2-pointer,12,54-51,'DAL',leads
274,274,274,200602040DAL,47.3,6.2,3rd quarter,11:20.0,Josh Howard,DAL,False,3-pointer,23,54-52,'DAL',leads
275,275,275,200602040DAL,24.0,5.0,3rd quarter,11:15.0,Erick Dampier,DAL,True,2-pointer,0,56-52,'DAL',leads
276,276,276,200602040DAL,28.1,8.0,3rd quarter,10:43.0,Dirk Nowitzki,DAL,False,2-pointer,5,56-55,'DAL',leads
277,277,277,200602040DAL,24.0,5.0,3rd quarter,10:43.0,Dirk Nowitzki,DAL,False,2-pointer,0,56-55,'DAL',leads
278,278,278,200602040DAL,24.0,5.0,3rd quarter,10:37.0,Dirk Nowitzki,DAL,True,2-pointer,0,58-55,'DAL',leads
279,279,279,200602040DAL,27.3,24.6,3rd quarter,10:11.0,Josh Howard,DAL,False,2-pointer,20,58-55,'DAL',leads
280,280,280,200602040DAL,24.0,5.0,3rd quarter,10:09.0,Erick Dampier,DAL,False,2-pointer,0,58-55,'DAL',leads
281,281,281,200602040DAL,23.7,17.2,3rd quarter,9:39.0,Dirk Nowitzki,DAL,True,2-pointer,12,60-55,'DAL',leads
282,282,282,200602040DAL,36.3,19.5,3rd quarter,9:01.0,Dirk Nowitzki,DAL,False,2-pointer,19,60-55,'DAL',leads
283,283,283,200602040DAL,11.0,25.9,3rd quarter,8:51.0,Jason Terry,DAL,False,3-pointer,25,60-55,'DAL',leads
284,284,284,200602040DAL,24.0,5.0,3rd quarter,8:32.0,Josh Howard,DAL,True,2-pointer,0,62-55,'DAL',leads
285,285,285,200602040DAL,16.1,20.5,3rd quarter,7:48.0,Josh Howard,DAL,True,2-pointer,17,65-55,'DAL',leads
286,286,286,200602040DAL,25.5,21.1,3rd quarter,7:07.0,Josh Howard,DAL,False,2-pointer,16,65-58,'DAL',leads
287,287,287,200602040DAL,24.8,7.5,3rd quarter,6:12.0,Erick Dampier,DAL,False,2-pointer,3,65-61,'DAL',leads
288,288,288,200602040DAL,0.5,4.2,3rd quarter,5:02.0,Jerry Stackhouse,DAL,True,3-pointer,24,69-63,'DAL',leads
289,289,289,200602040DAL,36.6,15.0,3rd quarter,4:27.0,Dirk Nowitzki,DAL,False,2-pointer,16,69-63,'DAL',leads
290,290,290,200602040DAL,24.0,5.0,3rd quarter,3:44.0,Erick Dampier,DAL,True,2-pointer,0,71-66,'DAL',leads
291,291,291,200602040DAL,24.0,5.0,3rd quarter,2:53.0,Devin Harris,DAL,False,2-pointer,0,71-66,'DAL',leads
292,292,292,200602040DAL,39.8,7.2,3rd quarter,2:17.0,Devin Harris,DAL,False,2-pointer,16,71-68,'DAL',leads
293,293,293,200602040DAL,24.0,5.0,3rd quarter,2:15.0,Josh Howard,DAL,True,2-pointer,0,73-68,'DAL',leads
294,294,294,200602040DAL,24.0,5.0,3rd quarter,1:47.0,Erick Dampier,DAL,False,2-pointer,0,74-70,'DAL',leads
295,295,295,200602040DAL,24.0,5.0,3rd quarter,1:35.0,Keith Van,DAL,True,2-pointer,0,76-70,'DAL',leads
296,296,296,200602040DAL,38.0,7.5,3rd quarter,0:36.9,Josh Howard,DAL,False,2-pointer,14,78-72,'DAL',leads
297,297,297,200602040DAL,24.0,5.0,3rd quarter,0:35.4,Erick Dampier,DAL,True,2-pointer,0,80-72,'DAL',leads
298,298,298,200602040DAL,10.2,19.0,3rd quarter,0:01.7,Devin Harris,DAL,True,2-pointer,20,82-74,'DAL',leads
299,299,299,200602040DAL,23.7,24.1,4th quarter,11:45.0,Jerry Stackhouse,DAL,False,2-pointer,19,82-74,'DAL',leads
300,300,300,200602040DAL,24.0,5.0,4th quarter,11:43.0,Erick Dampier,DAL,True,2-pointer,0,84-74,'DAL',leads
301,301,301,200602040DAL,35.8,27.2,4th quarter,11:16.0,Keith Van,DAL,False,3-pointer,25,85-74,'DAL',leads
302,302,302,200602040DAL,24.0,5.0,4th quarter,11:07.0,Keith Van,DAL,False,2-pointer,0,85-74,'DAL',leads
303,303,303,200602040DAL,0.2,4.7,4th quarter,10:28.0,Jason Terry,DAL,True,3-pointer,24,88-74,'DAL',leads
304,304,304,200602040DAL,30.1,20.1,4th quarter,10:05.0,Devin Harris,DAL,True,2-pointer,16,90-74,'DAL',leads
305,305,305,200602040DAL,0.3,4.9,4th quarter,8:46.0,Jason Terry,DAL,False,3-pointer,24,94-79,'DAL',leads
306,306,306,200602040DAL,36.8,5.2,4th quarter,8:09.0,Jason Terry,DAL,False,2-pointer,13,94-81,'DAL',leads
307,307,307,200602040DAL,24.0,5.0,4th quarter,7:57.0,Jason Terry,DAL,False,2-pointer,0,94-81,'DAL',leads
308,308,308,200602040DAL,24.0,5.0,4th quarter,7:46.0,Jerry Stackhouse,DAL,True,2-pointer,0,96-81,'DAL',leads
309,309,309,200602040DAL,45.0,18.7,4th quarter,6:55.0,Jerry Stackhouse,DAL,False,3-pointer,25,96-84,'DAL',leads
310,310,310,200602040DAL,17.9,21.9,4th quarter,6:21.0,Dirk Nowitzki,DAL,True,2-pointer,18,98-84,'DAL',leads
311,311,311,200602040DAL,24.0,5.0,4th quarter,5:49.0,Jerry Stackhouse,DAL,True,2-pointer,0,100-84,'DAL',leads
312,312,312,200602040DAL,26.8,31.1,4th quarter,5:02.0,Jerry Stackhouse,DAL,False,3-pointer,26,100-85,'DAL',leads
313,313,313,200602040DAL,47.6,9.1,4th quarter,4:28.0,Jason Terry,DAL,False,3-pointer,24,100-85,'DAL',leads
314,314,314,200602040DAL,23.7,13.1,4th quarter,3:40.0,Dirk Nowitzki,DAL,True,2-pointer,8,102-87,'DAL',leads
315,315,315,200602040DAL,24.0,5.0,4th quarter,3:19.0,Josh Howard,DAL,True,2-pointer,0,104-87,'DAL',leads
316,316,316,200602040DAL,30.1,13.1,4th quarter,2:34.0,Josh Howard,DAL,False,2-pointer,10,104-89,'DAL',leads
317,317,317,200602040DAL,24.0,5.0,4th quarter,2:09.0,Josh Howard,DAL,True,2-pointer,0,106-89,'DAL',leads
318,318,318,200602040DAL,24.6,16.5,4th quarter,1:34.0,Josh Howard,DAL,True,2-pointer,12,108-89,'DAL',leads
319,319,319,200602040DAL,25.0,11.3,4th quarter,0:58.8,Jason Terry,DAL,True,2-pointer,6,110-89,'DAL',leads
320,320,320,200602040DAL,25.0,10.4,4th quarter,0:18.8,D.J. Mbenga,DAL,False,2-pointer,5,110-91,'DAL',leads
321,321,321,200602040DEN,0.2,3.4,1st quarter,11:20.0,Steve Blake,POR,False,3-pointer,24,0-2,'POR',trails
322,322,322,200602040DEN,3.6,4.1,1st quarter,10:55.0,Steve Blake,POR,True,2-pointer,20,2-4,'POR',trails
323,323,323,200602040DEN,24.0,5.0,1st quarter,10:32.0,Joel Przybilla,POR,True,2-pointer,0,4-4,'POR',tied
324,324,324,200602040DEN,40.6,20.1,1st quarter,9:40.0,Juan Dixon,POR,False,2-pointer,22,4-7,'POR',trails
325,325,325,200602040DEN,46.3,16.4,1st quarter,9:14.0,Juan Dixon,POR,True,3-pointer,25,7-7,'POR',tied
326,326,326,200602040DEN,8.6,13.1,1st quarter,8:44.0,Juan Dixon,POR,False,2-pointer,17,7-7,'POR',tied
327,327,327,200602040DEN,32.7,20.3,1st quarter,8:19.0,Zach Randolph,POR,True,2-pointer,18,9-9,'POR',tied
328,328,328,200602040DEN,33.8,4.7,1st quarter,7:53.0,Viktor Khryapa,POR,False,2-pointer,10,10-11,'POR',trails
329,329,329,200602040DEN,41.2,4.9,1st quarter,7:10.0,Steve Blake,POR,True,2-pointer,17,14-13,'POR',leads
330,330,330,200602040DEN,24.0,5.0,1st quarter,5:23.0,Ruben Patterson,POR,True,2-pointer,0,16-19,'POR',trails
331,331,331,200602040DEN,38.3,14.1,1st quarter,4:34.0,Jarrett Jack,POR,False,2-pointer,17,16-19,'POR',trails
332,332,332,200602040DEN,41.1,11.4,1st quarter,4:11.0,Zach Randolph,POR,True,2-pointer,18,18-20,'POR',trails
333,333,333,200602040DEN,26.8,8.5,1st quarter,3:35.0,Zach Randolph,POR,False,2-pointer,4,18-20,'POR',trails
334,334,334,200602040DEN,24.0,5.0,1st quarter,3:33.0,Joel Przybilla,POR,False,2-pointer,0,18-20,'POR',trails
335,335,335,200602040DEN,24.0,5.0,1st quarter,3:30.0,Zach Randolph,POR,True,2-pointer,0,20-20,'POR',tied
336,336,336,200602040DEN,24.0,5.0,1st quarter,2:59.0,Joel Przybilla,POR,True,2-pointer,0,22-20,'POR',leads
337,337,337,200602040DEN,13.5,19.8,1st quarter,1:59.0,Jarrett Jack,POR,True,2-pointer,18,25-24,'POR',leads
338,338,338,200602040DEN,1.8,18.2,1st quarter,1:09.0,Sebastian Telfair,POR,True,3-pointer,26,28-24,'POR',leads
339,339,339,200602040DEN,24.0,5.0,1st quarter,0:26.6,Ruben Patterson,POR,True,2-pointer,0,30-26,'POR',leads
340,340,340,200602040DEN,24.1,30.5,1st quarter,0:00.0,Sebastian Telfair,POR,False,3-pointer,26,30-28,'POR',leads
341,341,341,200602040DEN,24.0,5.0,2nd quarter,11:14.0,Ruben Patterson,POR,False,2-pointer,0,30-30,'POR',tied
342,342,342,200602040DEN,24.0,5.0,2nd quarter,10:37.0,Ruben Patterson,POR,False,2-pointer,0,30-32,'POR',trails
343,343,343,200602040DEN,1.2,3.4,2nd quarter,10:07.0,Sebastian Telfair,POR,True,3-pointer,23,33-32,'POR',leads
344,344,344,200602040DEN,47.0,6.0,2nd quarter,9:34.0,Sebastian Telfair,POR,True,3-pointer,23,36-34,'POR',leads
345,345,345,200602040DEN,16.9,29.0,2nd quarter,8:57.0,Sebastian Telfair,POR,False,3-pointer,25,36-37,'POR',trails
346,346,346,200602040DEN,24.0,5.0,2nd quarter,8:48.0,Ruben Patterson,POR,False,2-pointer,0,36-37,'POR',trails
347,347,347,200602040DEN,24.0,5.0,2nd quarter,8:18.0,Travis Outlaw,POR,False,2-pointer,0,36-39,'POR',trails
348,348,348,200602040DEN,11.0,18.0,2nd quarter,7:45.0,Sebastian Telfair,POR,True,2-pointer,18,38-39,'POR',trails
349,349,349,200602040DEN,29.6,9.3,2nd quarter,7:13.0,Zach Randolph,POR,True,2-pointer,7,40-41,'POR',trails
350,350,350,200602040DEN,4.8,3.1,2nd quarter,6:54.0,Jarrett Jack,POR,True,2-pointer,19,42-41,'POR',leads
351,351,351,200602040DEN,24.0,5.0,2nd quarter,6:24.0,Zach Randolph,POR,False,2-pointer,0,42-41,'POR',leads
352,352,352,200602040DEN,23.2,26.4,2nd quarter,5:59.0,Zach Randolph,POR,True,2-pointer,21,44-41,'POR',leads
353,353,353,200602040DEN,10.5,9.8,2nd quarter,5:16.0,Travis Outlaw,POR,False,2-pointer,14,44-43,'POR',leads
354,354,354,200602040DEN,26.0,12.4,2nd quarter,5:12.0,Theo Ratliff,POR,False,2-pointer,8,44-43,'POR',leads
355,355,355,200602040DEN,20.1,7.2,2nd quarter,5:12.0,Travis Outlaw,POR,True,2-pointer,4,46-43,'POR',leads
356,356,356,200602040DEN,24.0,5.0,2nd quarter,3:51.0,Zach Randolph,POR,True,2-pointer,0,49-43,'POR',leads
357,357,357,200602040DEN,44.9,6.0,2nd quarter,2:57.0,Travis Outlaw,POR,True,2-pointer,21,51-46,'POR',leads
358,358,358,200602040DEN,0.7,6.5,2nd quarter,2:08.0,Zach Randolph,POR,False,3-pointer,23,52-46,'POR',leads
359,359,359,200602040DEN,25.5,8.3,2nd quarter,1:33.0,Zach Randolph,POR,False,2-pointer,4,52-48,'POR',leads
360,360,360,200602040DEN,34.2,8.5,2nd quarter,0:52.9,Theo Ratliff,POR,False,2-pointer,11,52-48,'POR',leads
361,361,361,200602040DEN,8.1,4.1,2nd quarter,0:28.9,Jarrett Jack,POR,False,2-pointer,16,52-50,'POR',leads
362,362,362,200602040DEN,27.4,10.6,3rd quarter,11:40.0,Zach Randolph,POR,False,2-pointer,7,55-53,'POR',leads
363,363,363,200602040DEN,8.6,3.9,3rd quarter,10:28.0,Juan Dixon,POR,True,2-pointer,15,57-59,'POR',trails
364,364,364,200602040DEN,19.2,8.6,3rd quarter,9:46.0,Zach Randolph,POR,False,2-pointer,6,57-59,'POR',trails
365,365,365,200602040DEN,24.0,5.0,3rd quarter,9:42.0,Joel Przybilla,POR,True,2-pointer,0,59-59,'POR',tied
366,366,366,200602040DEN,10.0,12.1,3rd quarter,9:22.0,Juan Dixon,POR,True,2-pointer,16,61-59,'POR',leads
367,367,367,200602040DEN,23.7,25.1,3rd quarter,6:48.0,Steve Blake,POR,False,2-pointer,20,63-64,'POR',trails
368,368,368,200602040DEN,24.0,5.0,3rd quarter,6:46.0,Ruben Patterson,POR,True,2-pointer,0,65-64,'POR',leads
369,369,369,200602040DEN,24.0,5.0,3rd quarter,6:13.0,Ruben Patterson,POR,False,2-pointer,0,65-64,'POR',leads
370,370,370,200602040DEN,43.9,7.0,3rd quarter,5:48.0,Zach Randolph,POR,True,2-pointer,20,67-65,'POR',leads
371,371,371,200602040DEN,24.3,20.0,3rd quarter,5:17.0,Zach Randolph,POR,True,2-pointer,15,69-67,'POR',leads
372,372,372,200602040DEN,24.0,5.0,3rd quarter,4:38.0,Ruben Patterson,POR,True,2-pointer,0,71-67,'POR',leads
373,373,373,200602040DEN,42.1,6.7,3rd quarter,4:03.0,Zach Randolph,POR,False,2-pointer,18,71-67,'POR',leads
374,374,374,200602040DEN,10.7,26.4,3rd quarter,3:36.0,Juan Dixon,POR,True,3-pointer,25,74-67,'POR',leads
375,375,375,200602040DEN,24.0,5.0,3rd quarter,3:05.0,Joel Przybilla,POR,True,2-pointer,0,76-69,'POR',leads
376,376,376,200602040DEN,0.0,4.7,3rd quarter,1:48.0,Steve Blake,POR,True,3-pointer,24,80-71,'POR',leads
377,377,377,200602040DEN,24.0,5.0,3rd quarter,1:19.0,Ruben Patterson,POR,False,2-pointer,0,80-71,'POR',leads
378,378,378,200602040DEN,4.0,14.1,3rd quarter,0:53.6,Steve Blake,POR,True,2-pointer,22,82-74,'POR',leads
379,379,379,200602040DEN,22.2,8.1,3rd quarter,0:34.3,Ruben Patterson,POR,True,2-pointer,4,84-74,'POR',leads
380,380,380,200602040DEN,24.0,5.0,4th quarter,11:26.0,Ruben Patterson,POR,True,2-pointer,0,86-77,'POR',leads
381,381,381,200602040DEN,23.4,13.9,4th quarter,10:14.0,Theo Ratliff,POR,False,2-pointer,9,86-77,'POR',leads
382,382,382,200602040DEN,30.4,6.7,4th quarter,9:16.0,Jarrett Jack,POR,True,2-pointer,7,88-79,'POR',leads
383,383,383,200602040DEN,0.3,6.3,4th quarter,7:33.0,Juan Dixon,POR,True,3-pointer,24,92-83,'POR',leads
384,384,384,200602040DEN,43.0,3.7,4th quarter,6:18.0,Zach Randolph,POR,True,2-pointer,19,95-86,'POR',leads
385,385,385,200602040DEN,25.8,17.8,4th quarter,5:44.0,Theo Ratliff,POR,True,2-pointer,13,97-88,'POR',leads
386,386,386,200602040DEN,46.3,9.1,4th quarter,5:05.0,Juan Dixon,POR,False,3-pointer,23,97-90,'POR',leads
387,387,387,200602040DEN,40.6,2.9,4th quarter,4:40.0,Jarrett Jack,POR,False,2-pointer,17,97-90,'POR',leads
388,388,388,200602040DEN,24.0,5.0,4th quarter,4:15.0,Zach Randolph,POR,False,2-pointer,0,97-92,'POR',leads
389,389,389,200602040DEN,24.0,5.0,4th quarter,3:51.0,Zach Randolph,POR,True,2-pointer,0,99-94,'POR',leads
390,390,390,200602040DEN,2.6,5.0,4th quarter,3:12.0,Juan Dixon,POR,False,2-pointer,21,99-94,'POR',leads
391,391,391,200602040DEN,41.1,10.3,4th quarter,2:36.0,Juan Dixon,POR,False,2-pointer,18,99-95,'POR',leads
392,392,392,200602040DEN,47.3,3.4,4th quarter,2:01.0,Juan Dixon,POR,False,3-pointer,23,99-97,'POR',leads
393,393,393,200602040DEN,29.4,7.8,4th quarter,1:46.0,Ruben Patterson,POR,False,2-pointer,6,99-99,'POR',tied
394,394,394,200602040DEN,32.4,5.7,4th quarter,1:42.0,Steve Blake,POR,False,2-pointer,8,99-99,'POR',tied
395,395,395,200602040DEN,28.6,5.0,4th quarter,1:42.0,Zach Randolph,POR,True,2-pointer,5,101-99,'POR',leads
396,396,396,200602040DEN,24.0,5.0,4th quarter,1:17.0,Ruben Patterson,POR,False,2-pointer,0,102-99,'POR',leads
397,397,397,200602040DEN,24.0,5.0,4th quarter,1:14.0,Zach Randolph,POR,False,2-pointer,0,102-99,'POR',leads
398,398,398,200602040DEN,5.4,21.0,4th quarter,0:44.9,Sebastian Telfair,POR,False,3-pointer,25,104-102,'POR',leads
399,399,399,200602040DEN,6.9,20.8,4th quarter,0:00.0,Ruben Patterson,POR,False,2-pointer,23,104-105,'POR',trails
400,400,400,200602040DEN,41.2,8.3,1st quarter,11:46.0,Carmelo Anthony,DEN,True,2-pointer,18,2-0,'POR',leads
401,401,401,200602040DEN,23.0,30.3,1st quarter,10:04.0,Greg Buckner,DEN,True,3-pointer,25,7-4,'POR',leads
402,402,402,200602040DEN,24.0,5.0,1st quarter,9:34.0,Greg Buckner,DEN,False,2-pointer,0,7-4,'POR',leads
403,403,403,200602040DEN,35.2,19.6,1st quarter,9:02.0,Marcus Camby,DEN,False,2-pointer,18,7-7,'POR',tied
404,404,404,200602040DEN,24.0,5.0,1st quarter,8:37.0,Francisco Elson,DEN,True,2-pointer,0,9-7,'POR',leads
405,405,405,200602040DEN,24.0,5.0,1st quarter,8:11.0,Carmelo Anthony,DEN,True,2-pointer,0,11-10,'POR',leads
406,406,406,200602040DEN,8.4,8.0,1st quarter,7:33.0,Carmelo Anthony,DEN,False,2-pointer,16,11-12,'POR',trails
407,407,407,200602040DEN,24.0,5.0,1st quarter,7:31.0,Marcus Camby,DEN,True,2-pointer,0,13-12,'POR',leads
408,408,408,200602040DEN,21.4,12.7,1st quarter,6:20.0,Carmelo Anthony,DEN,False,2-pointer,8,14-14,'POR',tied
409,409,409,200602040DEN,24.0,5.0,1st quarter,6:11.0,Marcus Camby,DEN,True,2-pointer,0,16-14,'POR',leads
410,410,410,200602040DEN,24.5,12.7,1st quarter,5:42.0,Marcus Camby,DEN,True,2-pointer,8,19-14,'POR',leads
411,411,411,200602040DEN,39.4,12.2,1st quarter,4:59.0,Carmelo Anthony,DEN,False,2-pointer,17,19-16,'POR',leads
412,412,412,200602040DEN,24.0,5.0,1st quarter,3:22.0,Carmelo Anthony,DEN,False,2-pointer,0,20-20,'POR',tied
413,413,413,200602040DEN,24.0,5.0,1st quarter,3:20.0,Carmelo Anthony,DEN,False,2-pointer,0,20-20,'POR',tied
414,414,414,200602040DEN,24.0,5.0,1st quarter,3:19.0,Carmelo Anthony,DEN,False,2-pointer,0,20-20,'POR',tied
415,415,415,200602040DEN,24.0,5.0,1st quarter,3:08.0,Carmelo Anthony,DEN,False,2-pointer,0,20-20,'POR',tied
416,416,416,200602040DEN,42.1,9.5,1st quarter,2:36.0,Carmelo Anthony,DEN,False,2-pointer,19,20-23,'POR',trails
417,417,417,200602040DEN,24.0,5.0,1st quarter,2:31.0,Carmelo Anthony,DEN,True,2-pointer,0,22-23,'POR',trails
418,418,418,200602040DEN,21.4,25.2,1st quarter,1:42.0,Carmelo Anthony,DEN,False,2-pointer,20,24-25,'POR',trails
419,419,419,200602040DEN,24.0,5.0,1st quarter,0:52.9,Eduardo Nájera,DEN,False,2-pointer,0,24-28,'POR',trails
420,420,420,200602040DEN,40.3,9.9,1st quarter,0:43.3,Carmelo Anthony,DEN,True,2-pointer,17,26-28,'POR',trails
421,421,421,200602040DEN,35.7,19.1,1st quarter,0:05.7,Earl Watson,DEN,True,2-pointer,18,28-30,'POR',trails
422,422,422,200602040DEN,25.1,20.0,2nd quarter,11:24.0,Earl Boykins,DEN,True,2-pointer,15,30-30,'POR',tied
423,423,423,200602040DEN,13.7,21.3,2nd quarter,11:06.0,Francisco Elson,DEN,True,2-pointer,19,32-30,'POR',leads
424,424,424,200602040DEN,27.9,24.6,2nd quarter,10:27.0,Francisco Elson,DEN,False,2-pointer,20,32-30,'POR',leads
425,425,425,200602040DEN,16.9,6.8,2nd quarter,9:46.0,Earl Boykins,DEN,True,2-pointer,7,34-33,'POR',leads
426,426,426,200602040DEN,24.0,5.0,2nd quarter,9:22.0,Carmelo Anthony,DEN,True,2-pointer,0,36-36,'POR',tied
427,427,427,200602040DEN,24.0,5.0,2nd quarter,8:43.0,Carmelo Anthony,DEN,True,2-pointer,0,39-36,'POR',leads
428,428,428,200602040DEN,24.0,5.0,2nd quarter,8:12.0,Earl Watson,DEN,False,2-pointer,0,39-36,'POR',leads
429,429,429,200602040DEN,30.1,17.2,2nd quarter,7:24.0,Earl Boykins,DEN,True,2-pointer,14,41-38,'POR',leads
430,430,430,200602040DEN,43.2,5.5,2nd quarter,6:42.0,Eduardo Nájera,DEN,False,2-pointer,19,41-42,'POR',trails
431,431,431,200602040DEN,24.0,5.0,2nd quarter,6:16.0,Francisco Elson,DEN,False,2-pointer,0,41-42,'POR',trails
432,432,432,200602040DEN,24.0,5.0,2nd quarter,5:36.0,Marcus Camby,DEN,True,2-pointer,0,43-44,'POR',trails
433,433,433,200602040DEN,37.6,10.3,2nd quarter,4:57.0,Andre Miller,DEN,False,2-pointer,15,43-46,'POR',trails
434,434,434,200602040DEN,24.6,14.5,2nd quarter,4:19.0,Francisco Elson,DEN,False,2-pointer,10,43-47,'POR',trails
435,435,435,200602040DEN,3.6,19.6,2nd quarter,3:59.0,Greg Buckner,DEN,False,3-pointer,25,43-47,'POR',trails
436,436,436,200602040DEN,24.0,5.0,2nd quarter,3:56.0,Marcus Camby,DEN,False,2-pointer,0,43-47,'POR',trails
437,437,437,200602040DEN,19.2,6.3,2nd quarter,3:21.0,Andre Miller,DEN,True,2-pointer,5,45-49,'POR',trails
438,438,438,200602040DEN,44.4,5.0,2nd quarter,2:45.0,Carmelo Anthony,DEN,False,2-pointer,20,46-51,'POR',trails
439,439,439,200602040DEN,34.2,20.6,2nd quarter,2:32.0,Andre Miller,DEN,False,2-pointer,19,46-51,'POR',trails
440,440,440,200602040DEN,11.7,21.0,2nd quarter,1:55.0,Carmelo Anthony,DEN,True,2-pointer,20,48-52,'POR',trails
441,441,441,200602040DEN,24.0,5.0,2nd quarter,1:12.0,Marcus Camby,DEN,False,2-pointer,0,48-52,'POR',trails
442,442,442,200602040DEN,28.6,22.3,2nd quarter,0:42.6,Marcus Camby,DEN,True,2-pointer,18,50-52,'POR',trails
443,443,443,200602040DEN,24.0,5.0,3rd quarter,11:34.0,Francisco Elson,DEN,True,2-pointer,0,55-55,'POR',tied
444,444,444,200602040DEN,7.6,9.8,3rd quarter,11:01.0,Andre Miller,DEN,True,2-pointer,17,57-55,'POR',leads
445,445,445,200602040DEN,5.6,8.5,3rd quarter,9:56.0,Carmelo Anthony,DEN,False,2-pointer,19,59-57,'POR',leads
446,446,446,200602040DEN,21.7,24.9,3rd quarter,9:33.0,Marcus Camby,DEN,False,2-pointer,20,59-59,'POR',tied
447,447,447,200602040DEN,28.7,13.6,3rd quarter,8:50.0,Marcus Camby,DEN,False,2-pointer,10,59-61,'POR',trails
448,448,448,200602040DEN,35.5,28.3,3rd quarter,8:22.0,Greg Buckner,DEN,True,3-pointer,26,62-61,'POR',leads
449,449,449,200602040DEN,42.7,10.8,3rd quarter,7:11.0,Andre Miller,DEN,False,2-pointer,20,62-63,'POR',trails
450,450,450,200602040DEN,24.0,5.0,3rd quarter,7:09.0,Marcus Camby,DEN,True,2-pointer,0,64-63,'POR',leads
451,451,451,200602040DEN,27.9,23.6,3rd quarter,6:25.0,Marcus Camby,DEN,False,2-pointer,19,64-65,'POR',trails
452,452,452,200602040DEN,24.0,5.0,3rd quarter,5:38.0,Carmelo Anthony,DEN,True,2-pointer,0,67-67,'POR',tied
453,453,453,200602040DEN,23.0,10.6,3rd quarter,4:20.0,Carmelo Anthony,DEN,False,2-pointer,6,67-71,'POR',trails
454,454,454,200602040DEN,25.3,18.3,3rd quarter,3:57.0,Andre Miller,DEN,False,2-pointer,13,67-71,'POR',trails
455,455,455,200602040DEN,19.4,23.9,3rd quarter,3:24.0,Earl Boykins,DEN,True,2-pointer,19,69-74,'POR',trails
456,456,456,200602040DEN,24.0,5.0,3rd quarter,2:44.0,Francisco Elson,DEN,True,2-pointer,0,71-77,'POR',trails
457,457,457,200602040DEN,24.5,9.8,3rd quarter,2:07.0,Earl Watson,DEN,False,2-pointer,5,71-77,'POR',trails
458,458,458,200602040DEN,8.7,23.9,3rd quarter,1:28.0,Earl Watson,DEN,False,3-pointer,24,71-80,'POR',trails
459,459,459,200602040DEN,3.8,19.6,3rd quarter,1:11.0,Earl Boykins,DEN,True,3-pointer,25,74-80,'POR',trails
460,460,460,200602040DEN,5.8,3.2,3rd quarter,0:00.4,Earl Boykins,DEN,False,2-pointer,18,76-84,'POR',trails
461,461,461,200602040DEN,24.0,5.0,4th quarter,11:09.0,Eduardo Nájera,DEN,False,2-pointer,0,77-86,'POR',trails
462,462,462,200602040DEN,39.3,18.0,4th quarter,10:46.0,Marcus Camby,DEN,False,2-pointer,20,77-86,'POR',trails
463,463,463,200602040DEN,24.0,9.5,4th quarter,10:41.0,Andre Miller,DEN,False,2-pointer,5,77-86,'POR',trails
464,464,464,200602040DEN,31.4,12.7,4th quarter,10:32.0,Andre Miller,DEN,False,2-pointer,11,77-86,'POR',trails
465,465,465,200602040DEN,0.5,5.0,4th quarter,10:03.0,Earl Boykins,DEN,False,3-pointer,24,77-86,'POR',trails
466,466,466,200602040DEN,24.0,5.0,4th quarter,9:40.0,Marcus Camby,DEN,True,2-pointer,0,79-86,'POR',trails
467,467,467,200602040DEN,25.5,21.1,4th quarter,9:05.0,Eduardo Nájera,DEN,True,2-pointer,16,81-88,'POR',trails
468,468,468,200602040DEN,27.6,11.9,4th quarter,8:28.0,Earl Boykins,DEN,False,2-pointer,8,81-89,'POR',trails
469,469,469,200602040DEN,24.0,5.0,4th quarter,7:52.0,Eduardo Nájera,DEN,True,2-pointer,0,83-89,'POR',trails
470,470,470,200602040DEN,11.4,9.1,4th quarter,6:04.0,Earl Boykins,DEN,True,2-pointer,13,88-95,'POR',trails
471,471,471,200602040DEN,13.0,6.5,4th quarter,5:24.0,Andre Miller,DEN,True,2-pointer,11,90-97,'POR',trails
472,472,472,200602040DEN,24.0,5.0,4th quarter,4:34.0,Earl Boykins,DEN,True,2-pointer,0,92-97,'POR',trails
473,473,473,200602040DEN,17.3,23.9,4th quarter,2:24.0,Marcus Camby,DEN,True,2-pointer,20,97-99,'POR',trails
474,474,474,200602040DEN,24.0,5.0,4th quarter,1:34.0,Carmelo Anthony,DEN,False,2-pointer,0,99-102,'POR',trails
475,475,475,200602040DEN,24.0,5.0,4th quarter,1:03.0,Carmelo Anthony,DEN,True,2-pointer,0,101-104,'POR',trails
476,476,476,200602040DEN,24.0,5.0,4th quarter,0:04.3,Andre Miller,DEN,True,2-pointer,0,105-104,'POR',leads
477,477,477,200602040GSW,38.3,18.0,1st quarter,11:12.0,Marko Jarić,MIN,False,2-pointer,19,0-2,'GSW',trails
478,478,478,200602040GSW,23.7,4.7,1st quarter,10:53.0,Ricky Davis,MIN,True,2-pointer,0,2-2,'GSW',tied
479,479,479,200602040GSW,26.0,5.8,1st quarter,10:25.0,Kevin Garnett,MIN,True,2-pointer,2,4-2,'GSW',leads
480,480,480,200602040GSW,13.2,12.9,1st quarter,10:01.0,Trenton Hassell,MIN,True,2-pointer,13,6-2,'GSW',leads
481,481,481,200602040GSW,36.3,8.6,1st quarter,9:18.0,Eddie Griffin,MIN,False,2-pointer,13,6-6,'GSW',tied
482,482,482,200602040GSW,38.8,6.0,1st quarter,8:44.0,Kevin Garnett,MIN,False,2-pointer,15,6-8,'GSW',trails
483,483,483,200602040GSW,34.0,15.0,1st quarter,8:19.0,Ricky Davis,MIN,True,2-pointer,14,8-10,'GSW',trails
484,484,484,200602040GSW,7.2,5.0,1st quarter,7:49.0,Trenton Hassell,MIN,True,2-pointer,17,10-12,'GSW',trails
485,485,485,200602040GSW,24.3,5.0,1st quarter,6:48.0,Ricky Davis,MIN,True,2-pointer,0,12-15,'GSW',trails
486,486,486,200602040GSW,25.6,5.8,1st quarter,6:37.0,Kevin Garnett,MIN,True,2-pointer,2,14-15,'GSW',trails
487,487,487,200602040GSW,21.5,8.0,1st quarter,6:08.0,Kevin Garnett,MIN,False,2-pointer,4,14-15,'GSW',trails
488,488,488,200602040GSW,21.9,8.5,1st quarter,5:51.0,Trenton Hassell,MIN,False,2-pointer,4,14-15,'GSW',trails
489,489,489,200602040GSW,25.5,6.7,1st quarter,5:47.0,Trenton Hassell,MIN,False,2-pointer,2,14-15,'GSW',trails
490,490,490,200602040GSW,39.6,5.8,1st quarter,5:01.0,Kevin Garnett,MIN,False,2-pointer,16,15-17,'GSW',trails
491,491,491,200602040GSW,9.7,5.3,1st quarter,4:33.0,Trenton Hassell,MIN,True,2-pointer,14,17-19,'GSW',trails
492,492,492,200602040GSW,13.8,15.7,1st quarter,3:50.0,Trenton Hassell,MIN,False,2-pointer,15,17-21,'GSW',trails
493,493,493,200602040GSW,36.1,16.0,1st quarter,3:46.0,Marko Jarić,MIN,False,2-pointer,16,17-21,'GSW',trails
494,494,494,200602040GSW,22.5,6.2,1st quarter,3:30.0,Eddie Griffin,MIN,True,2-pointer,2,19-21,'GSW',trails
495,495,495,200602040GSW,18.8,21.3,1st quarter,3:03.0,Kevin Garnett,MIN,True,2-pointer,17,21-21,'GSW',tied
496,496,496,200602040GSW,14.5,19.0,1st quarter,2:21.0,Kevin Garnett,MIN,False,2-pointer,17,21-23,'GSW',trails
497,497,497,200602040GSW,21.5,7.0,1st quarter,1:58.0,Ricky Davis,MIN,False,2-pointer,3,21-23,'GSW',trails
498,498,498,200602040GSW,20.1,21.0,1st quarter,1:36.0,Marcus Banks,MIN,False,2-pointer,16,21-25,'GSW',trails
499,499,499,200602040GSW,17.4,14.2,1st quarter,0:30.9,Trenton Hassell,MIN,False,2-pointer,11,24-27,'GSW',trails
500,500,500,200602040GSW,41.7,4.5,1st quarter,0:03.9,Mark Blount,MIN,False,2-pointer,18,24-29,'GSW',trails
501,501,501,200602040GSW,23.2,22.4,2nd quarter,11:15.0,Marcus Banks,MIN,False,2-pointer,17,24-31,'GSW',trails
502,502,502,200602040GSW,20.4,9.5,2nd quarter,11:03.0,Justin Reed,MIN,True,2-pointer,6,26-31,'GSW',trails
503,503,503,200602040GSW,17.3,29.8,2nd quarter,10:22.0,Rashad McCants,MIN,False,3-pointer,26,26-33,'GSW',trails
504,504,504,200602040GSW,2.6,19.1,2nd quarter,9:55.0,Rashad McCants,MIN,False,3-pointer,26,26-35,'GSW',trails
505,505,505,200602040GSW,26.0,9.1,2nd quarter,9:23.0,Marcus Banks,MIN,True,2-pointer,5,28-37,'GSW',trails
506,506,506,200602040GSW,26.8,6.8,2nd quarter,8:42.0,Mark Madsen,MIN,False,2-pointer,3,28-37,'GSW',trails
507,507,507,200602040GSW,26.8,8.6,2nd quarter,8:22.0,Marcus Banks,MIN,False,2-pointer,5,28-37,'GSW',trails
508,508,508,200602040GSW,24.0,5.0,2nd quarter,8:16.0,Mark Blount,MIN,True,2-pointer,0,30-37,'GSW',trails
509,509,509,200602040GSW,25.6,6.7,2nd quarter,7:53.0,Justin Reed,MIN,False,2-pointer,2,30-37,'GSW',trails
510,510,510,200602040GSW,26.9,8.6,2nd quarter,7:17.0,Marcus Banks,MIN,False,2-pointer,5,30-40,'GSW',trails
511,511,511,200602040GSW,20.2,8.3,2nd quarter,7:14.0,Mark Blount,MIN,False,2-pointer,5,30-40,'GSW',trails
512,512,512,200602040GSW,10.2,12.7,2nd quarter,6:50.0,Ricky Davis,MIN,False,2-pointer,16,30-42,'GSW',trails
513,513,513,200602040GSW,28.3,20.5,2nd quarter,6:32.0,Marcus Banks,MIN,True,2-pointer,16,32-42,'GSW',trails
514,514,514,200602040GSW,5.4,5.7,2nd quarter,6:04.0,Mark Blount,MIN,False,2-pointer,19,32-42,'GSW',trails
515,515,515,200602040GSW,36.6,9.8,2nd quarter,5:15.0,Ricky Davis,MIN,False,2-pointer,13,33-47,'GSW',trails
516,516,516,200602040GSW,24.0,6.2,2nd quarter,4:56.0,Ricky Davis,MIN,True,2-pointer,1,35-47,'GSW',trails
517,517,517,200602040GSW,20.1,19.1,2nd quarter,4:21.0,Ricky Davis,MIN,True,2-pointer,15,37-47,'GSW',trails
518,518,518,200602040GSW,38.1,4.9,2nd quarter,3:21.0,Trenton Hassell,MIN,False,2-pointer,14,37-50,'GSW',trails
519,519,519,200602040GSW,21.4,7.6,2nd quarter,3:16.0,Trenton Hassell,MIN,False,2-pointer,4,37-50,'GSW',trails
520,520,520,200602040GSW,45.8,17.5,2nd quarter,2:58.0,Ricky Davis,MIN,False,3-pointer,25,37-50,'GSW',trails
521,521,521,200602040GSW,9.5,5.2,2nd quarter,2:41.0,Trenton Hassell,MIN,False,2-pointer,15,37-50,'GSW',trails
522,522,522,200602040GSW,12.2,18.7,2nd quarter,1:56.0,Trenton Hassell,MIN,False,2-pointer,18,37-50,'GSW',trails
523,523,523,200602040GSW,37.8,12.4,2nd quarter,1:42.0,Ricky Davis,MIN,False,2-pointer,16,37-50,'GSW',trails
524,524,524,200602040GSW,11.5,17.7,2nd quarter,0:46.8,Marcus Banks,MIN,False,2-pointer,18,37-54,'GSW',trails
525,525,525,200602040GSW,24.8,13.7,2nd quarter,0:05.9,Trenton Hassell,MIN,False,2-pointer,9,37-56,'GSW',trails
526,526,526,200602040GSW,7.1,5.3,3rd quarter,10:57.0,Kevin Garnett,MIN,True,2-pointer,17,39-58,'GSW',trails
527,527,527,200602040GSW,27.3,23.1,3rd quarter,10:20.0,Ricky Davis,MIN,True,2-pointer,18,41-60,'GSW',trails
528,528,528,200602040GSW,37.3,26.4,3rd quarter,9:47.0,Eddie Griffin,MIN,False,3-pointer,25,41-62,'GSW',trails
529,529,529,200602040GSW,23.7,5.2,3rd quarter,9:01.0,Eddie Griffin,MIN,True,2-pointer,0,43-62,'GSW',trails
530,530,530,200602040GSW,15.3,18.0,3rd quarter,8:12.0,Kevin Garnett,MIN,False,2-pointer,16,44-63,'GSW',trails
531,531,531,200602040GSW,9.1,7.2,3rd quarter,7:38.0,Ricky Davis,MIN,False,2-pointer,15,44-66,'GSW',trails
532,532,532,200602040GSW,24.1,5.1,3rd quarter,7:12.0,Kevin Garnett,MIN,True,2-pointer,0,46-68,'GSW',trails
533,533,533,200602040GSW,32.4,6.2,3rd quarter,6:38.0,Trenton Hassell,MIN,False,2-pointer,8,46-68,'GSW',trails
534,534,534,200602040GSW,24.0,5.0,3rd quarter,6:36.0,Eddie Griffin,MIN,False,2-pointer,0,46-68,'GSW',trails
535,535,535,200602040GSW,20.6,21.8,3rd quarter,5:45.0,Kevin Garnett,MIN,False,2-pointer,17,46-70,'GSW',trails
536,536,536,200602040GSW,9.9,5.8,3rd quarter,4:30.0,Trenton Hassell,MIN,True,2-pointer,14,52-72,'GSW',trails
537,537,537,200602040GSW,10.0,4.7,3rd quarter,4:03.0,Kevin Garnett,MIN,False,2-pointer,14,52-75,'GSW',trails
538,538,538,200602040GSW,26.0,8.3,3rd quarter,1:53.0,Kevin Garnett,MIN,True,2-pointer,4,56-80,'GSW',trails
539,539,539,200602040GSW,40.9,24.6,3rd quarter,0:57.9,Rashad McCants,MIN,False,3-pointer,26,56-83,'GSW',trails
540,540,540,200602040GSW,7.4,5.2,3rd quarter,0:33.2,Ricky Davis,MIN,True,2-pointer,17,59-83,'GSW',trails
541,541,541,200602040GSW,24.0,16.2,3rd quarter,0:02.9,Marcus Banks,MIN,False,2-pointer,11,59-85,'GSW',trails
542,542,542,200602040GSW,11.2,5.0,4th quarter,11:43.0,Mark Blount,MIN,False,2-pointer,13,59-85,'GSW',trails
543,543,543,200602040GSW,18.9,7.0,4th quarter,11:07.0,Justin Reed,MIN,False,2-pointer,5,59-85,'GSW',trails
544,544,544,200602040GSW,9.7,15.5,4th quarter,11:02.0,Ricky Davis,MIN,True,2-pointer,18,61-85,'GSW',trails
545,545,545,200602040GSW,18.9,25.7,4th quarter,9:57.0,Justin Reed,MIN,False,2-pointer,21,61-89,'GSW',trails
546,546,546,200602040GSW,19.9,7.3,4th quarter,9:28.0,Rashad McCants,MIN,False,2-pointer,5,61-91,'GSW',trails
547,547,547,200602040GSW,34.3,23.6,4th quarter,8:58.0,Ricky Davis,MIN,False,2-pointer,21,61-93,'GSW',trails
548,548,548,200602040GSW,22.7,5.7,4th quarter,8:27.0,Justin Reed,MIN,True,2-pointer,1,63-95,'GSW',trails
549,549,549,200602040GSW,26.9,7.3,4th quarter,7:34.0,Justin Reed,MIN,False,2-pointer,4,63-97,'GSW',trails
550,550,550,200602040GSW,3.8,7.6,4th quarter,7:10.0,Justin Reed,MIN,False,2-pointer,20,63-97,'GSW',trails
551,551,551,200602040GSW,25.8,8.1,4th quarter,6:32.0,Marcus Banks,MIN,False,2-pointer,4,63-99,'GSW',trails
552,552,552,200602040GSW,17.6,9.1,4th quarter,5:58.0,Rashad McCants,MIN,True,2-pointer,8,65-99,'GSW',trails
553,553,553,200602040GSW,10.9,7.0,4th quarter,4:54.0,Rashad McCants,MIN,True,2-pointer,13,67-101,'GSW',trails
554,554,554,200602040GSW,42.2,22.9,4th quarter,4:24.0,Marcus Banks,MIN,False,3-pointer,26,67-101,'GSW',trails
555,555,555,200602040GSW,5.1,11.9,4th quarter,3:52.0,Rashad McCants,MIN,False,2-pointer,20,67-101,'GSW',trails
556,556,556,200602040GSW,24.0,5.0,4th quarter,3:48.0,Rashad McCants,MIN,True,2-pointer,0,69-101,'GSW',trails
557,557,557,200602040GSW,24.8,5.7,4th quarter,3:18.0,Rashad McCants,MIN,True,2-pointer,1,71-101,'GSW',trails
558,558,558,200602040GSW,25.5,6.7,4th quarter,1:55.0,Justin Reed,MIN,True,2-pointer,2,73-102,'GSW',trails
559,559,559,200602040GSW,24.3,5.0,4th quarter,1:25.0,Rashad McCants,MIN,True,2-pointer,0,75-104,'GSW',trails
560,560,560,200602040GSW,34.0,16.2,4th quarter,0:52.6,Rashad McCants,MIN,True,2-pointer,15,77-106,'GSW',trails
561,561,561,200602040GSW,26.1,6.8,4th quarter,0:13.9,Justin Reed,MIN,False,2-pointer,3,77-109,'GSW',trails
562,562,562,200602040GSW,6.1,4.5,1st quarter,11:31.0,Jason Richardson,GSW,True,2-pointer,18,2-0,'GSW',leads
563,563,563,200602040GSW,21.7,5.5,1st quarter,10:37.0,Mickaël Piétrus,GSW,False,2-pointer,2,2-2,'GSW',tied
564,564,564,200602040GSW,6.4,4.2,1st quarter,10:06.0,Mike Dunleavy,GSW,False,2-pointer,18,2-4,'GSW',trails
565,565,565,200602040GSW,25.8,6.8,1st quarter,9:33.0,Jason Richardson,GSW,True,2-pointer,3,6-6,'GSW',tied
566,566,566,200602040GSW,24.0,9.0,1st quarter,9:11.0,Adonal Foyle,GSW,True,2-pointer,4,8-6,'GSW',leads
567,567,567,200602040GSW,23.8,9.1,1st quarter,8:32.0,Adonal Foyle,GSW,True,2-pointer,4,10-6,'GSW',leads
568,568,568,200602040GSW,9.5,14.4,1st quarter,8:02.0,Troy Murphy,GSW,False,2-pointer,17,10-8,'GSW',leads
569,569,569,200602040GSW,22.0,6.5,1st quarter,7:59.0,Troy Murphy,GSW,True,2-pointer,3,12-8,'GSW',leads
570,570,570,200602040GSW,0.7,4.2,1st quarter,7:28.0,Mickaël Piétrus,GSW,True,3-pointer,23,15-10,'GSW',leads
571,571,571,200602040GSW,2.8,18.0,1st quarter,6:56.0,Jason Richardson,GSW,False,3-pointer,25,15-10,'GSW',leads
572,572,572,200602040GSW,34.2,20.0,1st quarter,6:19.0,Troy Murphy,GSW,False,2-pointer,18,15-14,'GSW',leads
573,573,573,200602040GSW,26.1,7.0,1st quarter,4:51.0,Adonal Foyle,GSW,True,2-pointer,3,19-15,'GSW',leads
574,574,574,200602040GSW,22.2,6.3,1st quarter,4:09.0,Troy Murphy,GSW,True,2-pointer,2,21-17,'GSW',leads
575,575,575,200602040GSW,36.3,28.7,1st quarter,3:12.0,Mickaël Piétrus,GSW,False,3-pointer,27,21-19,'GSW',leads
576,576,576,200602040GSW,36.6,27.7,1st quarter,2:38.0,Baron Davis,GSW,False,3-pointer,26,21-21,'GSW',tied
577,577,577,200602040GSW,8.7,14.9,1st quarter,2:06.0,Troy Murphy,GSW,False,2-pointer,18,23-21,'GSW',leads
578,578,578,200602040GSW,24.0,5.0,1st quarter,1:18.0,Andris Biedriņš,GSW,True,2-pointer,0,27-21,'GSW',leads
579,579,579,200602040GSW,34.2,6.3,1st quarter,0:46.9,Jason Richardson,GSW,False,2-pointer,10,27-24,'GSW',leads
580,580,580,200602040GSW,24.1,5.1,1st quarter,0:25.2,Ike Diogu,GSW,True,2-pointer,0,29-24,'GSW',leads
581,581,581,200602040GSW,21.5,8.3,2nd quarter,11:39.0,Jason Richardson,GSW,False,2-pointer,4,29-24,'GSW',leads
582,582,582,200602040GSW,24.0,5.0,2nd quarter,11:38.0,Mike Dunleavy,GSW,True,2-pointer,0,31-24,'GSW',leads
583,583,583,200602040GSW,35.3,18.0,2nd quarter,10:10.0,Mike Dunleavy,GSW,True,2-pointer,17,35-26,'GSW',leads
584,584,584,200602040GSW,33.4,4.7,2nd quarter,9:47.0,Monta Ellis,GSW,True,2-pointer,9,37-26,'GSW',leads
585,585,585,200602040GSW,39.6,9.5,2nd quarter,9:06.0,Ike Diogu,GSW,False,2-pointer,16,37-28,'GSW',leads
586,586,586,200602040GSW,3.8,19.5,2nd quarter,7:33.0,Mike Dunleavy,GSW,True,3-pointer,25,40-30,'GSW',leads
587,587,587,200602040GSW,24.6,6.2,2nd quarter,7:11.0,Jason Richardson,GSW,True,2-pointer,1,42-30,'GSW',leads
588,588,588,200602040GSW,19.7,20.1,2nd quarter,6:41.0,Jason Richardson,GSW,False,2-pointer,16,42-30,'GSW',leads
589,589,589,200602040GSW,6.8,25.4,2nd quarter,5:29.0,Jason Richardson,GSW,True,3-pointer,27,47-33,'GSW',leads
590,590,590,200602040GSW,8.6,10.1,2nd quarter,4:31.0,Baron Davis,GSW,False,2-pointer,16,47-35,'GSW',leads
591,591,591,200602040GSW,22.5,7.0,2nd quarter,4:05.0,Troy Murphy,GSW,True,2-pointer,3,49-37,'GSW',leads
592,592,592,200602040GSW,27.1,6.7,2nd quarter,3:31.0,Jason Richardson,GSW,False,2-pointer,4,50-37,'GSW',leads
593,593,593,200602040GSW,24.0,5.0,2nd quarter,3:29.0,Jason Richardson,GSW,False,2-pointer,0,50-37,'GSW',leads
594,594,594,200602040GSW,35.8,18.0,2nd quarter,3:07.0,Derek Fisher,GSW,False,2-pointer,18,50-37,'GSW',leads
595,595,595,200602040GSW,26.8,7.5,2nd quarter,2:21.0,Jason Richardson,GSW,False,2-pointer,4,50-37,'GSW',leads
596,596,596,200602040GSW,21.4,7.0,2nd quarter,1:49.0,Troy Murphy,GSW,False,2-pointer,3,50-37,'GSW',leads
597,597,597,200602040GSW,24.5,6.7,2nd quarter,1:34.0,Adonal Foyle,GSW,True,2-pointer,2,52-37,'GSW',leads
598,598,598,200602040GSW,21.9,7.3,2nd quarter,0:56.9,Troy Murphy,GSW,True,2-pointer,3,54-37,'GSW',leads
599,599,599,200602040GSW,21.5,7.2,2nd quarter,0:42.8,Derek Fisher,GSW,False,2-pointer,3,54-37,'GSW',leads
600,600,600,200602040GSW,26.0,5.5,2nd quarter,0:27.9,Troy Murphy,GSW,True,2-pointer,2,56-37,'GSW',leads
601,601,601,200602040GSW,8.2,37.6,2nd quarter,0:00.0,Derek Fisher,GSW,False,3-pointer,36,56-37,'GSW',leads
602,602,602,200602040GSW,33.0,25.1,3rd quarter,11:37.0,Baron Davis,GSW,True,2-pointer,22,58-37,'GSW',leads
603,603,603,200602040GSW,24.6,9.1,3rd quarter,10:05.0,Jason Richardson,GSW,True,2-pointer,4,62-41,'GSW',leads
604,604,604,200602040GSW,17.4,6.3,3rd quarter,9:19.0,Troy Murphy,GSW,False,2-pointer,7,62-41,'GSW',leads
605,605,605,200602040GSW,24.0,30.2,3rd quarter,7:59.0,Jason Richardson,GSW,True,3-pointer,25,66-44,'GSW',leads
606,606,606,200602040GSW,23.5,5.2,3rd quarter,7:22.0,Mickaël Piétrus,GSW,True,2-pointer,1,68-44,'GSW',leads
607,607,607,200602040GSW,20.1,26.5,3rd quarter,6:53.0,Mickaël Piétrus,GSW,False,2-pointer,22,68-46,'GSW',leads
608,608,608,200602040GSW,7.1,4.9,3rd quarter,6:05.0,Troy Murphy,GSW,True,2-pointer,17,70-46,'GSW',leads
609,609,609,200602040GSW,41.6,3.4,3rd quarter,5:21.0,Troy Murphy,GSW,False,2-pointer,18,70-46,'GSW',leads
610,610,610,200602040GSW,24.6,9.6,3rd quarter,4:38.0,Derek Fisher,GSW,False,2-pointer,5,72-50,'GSW',leads
611,611,611,200602040GSW,24.0,5.0,3rd quarter,4:36.0,Troy Murphy,GSW,False,2-pointer,0,72-50,'GSW',leads
612,612,612,200602040GSW,27.4,7.3,3rd quarter,4:17.0,Jason Richardson,GSW,True,2-pointer,4,74-52,'GSW',leads
613,613,613,200602040GSW,47.0,3.4,3rd quarter,3:47.0,Mike Dunleavy,GSW,True,3-pointer,23,78-52,'GSW',leads
614,614,614,200602040GSW,25.8,7.0,3rd quarter,3:08.0,Derek Fisher,GSW,False,2-pointer,3,78-54,'GSW',leads
615,615,615,200602040GSW,8.1,18.2,3rd quarter,2:41.0,Mike Dunleavy,GSW,False,2-pointer,21,78-54,'GSW',leads
616,616,616,200602040GSW,21.7,7.3,3rd quarter,2:18.0,Andris Biedriņš,GSW,False,2-pointer,3,78-54,'GSW',leads
617,617,617,200602040GSW,24.0,5.0,3rd quarter,2:17.0,Troy Murphy,GSW,True,2-pointer,0,80-54,'GSW',leads
618,618,618,200602040GSW,46.5,4.7,3rd quarter,1:04.0,Monta Ellis,GSW,False,3-pointer,23,83-56,'GSW',leads
619,619,619,200602040GSW,27.1,8.0,3rd quarter,0:49.9,Monta Ellis,GSW,False,2-pointer,4,83-56,'GSW',leads
620,620,620,200602040GSW,23.2,5.3,3rd quarter,0:09.7,Andris Biedriņš,GSW,True,2-pointer,1,85-59,'GSW',leads
621,621,621,200602040GSW,8.9,14.5,4th quarter,11:16.0,Andris Biedriņš,GSW,False,2-pointer,18,85-59,'GSW',leads
622,622,622,200602040GSW,27.6,7.3,4th quarter,10:43.0,Monta Ellis,GSW,False,2-pointer,4,85-61,'GSW',leads
623,623,623,200602040GSW,26.6,7.0,4th quarter,10:41.0,Mickaël Piétrus,GSW,True,2-pointer,3,87-61,'GSW',leads
624,624,624,200602040GSW,17.4,20.3,4th quarter,10:06.0,Ike Diogu,GSW,True,2-pointer,17,89-61,'GSW',leads
625,625,625,200602040GSW,8.4,4.5,4th quarter,9:40.0,Ike Diogu,GSW,True,2-pointer,16,91-61,'GSW',leads
626,626,626,200602040GSW,11.5,21.4,4th quarter,9:05.0,Mickaël Piétrus,GSW,True,2-pointer,21,93-61,'GSW',leads
627,627,627,200602040GSW,24.5,7.2,4th quarter,8:43.0,Monta Ellis,GSW,True,2-pointer,2,95-61,'GSW',leads
628,628,628,200602040GSW,38.3,19.8,4th quarter,8:11.0,Mickaël Piétrus,GSW,True,2-pointer,21,97-63,'GSW',leads
629,629,629,200602040GSW,47.2,3.9,4th quarter,7:48.0,Monta Ellis,GSW,False,3-pointer,23,97-63,'GSW',leads
630,630,630,200602040GSW,24.0,8.5,4th quarter,7:41.0,Ike Diogu,GSW,False,2-pointer,4,97-63,'GSW',leads
631,631,631,200602040GSW,5.6,16.8,4th quarter,7:19.0,Derek Fisher,GSW,False,2-pointer,22,97-63,'GSW',leads
632,632,632,200602040GSW,4.9,6.8,4th quarter,6:59.0,Ike Diogu,GSW,True,2-pointer,19,99-63,'GSW',leads
633,633,633,200602040GSW,10.2,23.1,4th quarter,6:14.0,Mickaël Piétrus,GSW,False,2-pointer,23,99-63,'GSW',leads
634,634,634,200602040GSW,37.0,17.3,4th quarter,5:38.0,Calbert Cheaney,GSW,False,2-pointer,18,99-65,'GSW',leads
635,635,635,200602040GSW,12.0,28.8,4th quarter,2:54.0,Monta Ellis,GSW,False,3-pointer,27,101-71,'GSW',leads
636,636,636,200602040GSW,22.4,7.3,4th quarter,2:32.0,Mickaël Piétrus,GSW,False,2-pointer,3,102-71,'GSW',leads
637,637,637,200602040GSW,7.1,5.3,4th quarter,2:29.0,Žarko Čabarkapa,GSW,False,2-pointer,17,102-71,'GSW',leads
638,638,638,200602040GSW,15.3,6.0,4th quarter,1:59.0,Žarko Čabarkapa,GSW,False,2-pointer,9,102-71,'GSW',leads
639,639,639,200602040GSW,24.0,5.0,4th quarter,1:03.0,Ike Diogu,GSW,True,2-pointer,0,106-75,'GSW',leads
640,640,640,200602040GSW,26.9,30.0,4th quarter,0:34.3,Monta Ellis,GSW,True,3-pointer,25,109-77,'GSW',leads
641,641,641,200602040IND,39.9,13.7,1st quarter,11:45.0,Richard Hamilton,DET,False,2-pointer,18,0-0,'IND',tied
642,642,642,200602040IND,46.3,18.7,1st quarter,10:22.0,Rasheed Wallace,DET,True,3-pointer,26,3-0,'IND',leads
643,643,643,200602040IND,24.3,20.5,1st quarter,9:41.0,Chauncey Billups,DET,True,2-pointer,16,5-2,'IND',leads
644,644,644,200602040IND,17.8,5.5,1st quarter,9:02.0,Rasheed Wallace,DET,True,2-pointer,6,7-4,'IND',leads
645,645,645,200602040IND,26.0,7.2,1st quarter,8:41.0,Richard Hamilton,DET,True,2-pointer,3,9-4,'IND',leads
646,646,646,200602040IND,24.6,10.8,1st quarter,8:05.0,Carlos Arroyo,DET,False,2-pointer,6,10-4,'IND',leads
647,647,647,200602040IND,26.0,16.2,1st quarter,7:31.0,Richard Hamilton,DET,False,2-pointer,11,10-6,'IND',leads
648,648,648,200602040IND,28.4,24.6,1st quarter,6:12.0,Tayshaun Prince,DET,False,2-pointer,20,10-10,'IND',tied
649,649,649,200602040IND,30.7,7.0,1st quarter,5:47.0,Tayshaun Prince,DET,True,2-pointer,7,12-12,'IND',tied
650,650,650,200602040IND,24.3,7.5,1st quarter,3:49.0,Ben Wallace,DET,False,2-pointer,3,13-14,'IND',trails
651,651,651,200602040IND,25.3,6.7,1st quarter,3:34.0,Carlos Arroyo,DET,True,2-pointer,2,15-14,'IND',leads
652,652,652,200602040IND,25.8,8.8,1st quarter,2:45.0,Richard Hamilton,DET,True,2-pointer,4,17-16,'IND',leads
653,653,653,200602040IND,40.9,6.8,1st quarter,2:18.0,Carlos Arroyo,DET,False,2-pointer,17,17-16,'IND',leads
654,654,654,200602040IND,7.1,4.5,1st quarter,1:38.0,Tayshaun Prince,DET,True,2-pointer,17,19-16,'IND',leads
655,655,655,200602040IND,10.0,5.5,1st quarter,1:00.0,Antonio McDyess,DET,True,2-pointer,14,21-18,'IND',leads
656,656,656,200602040IND,7.6,3.6,1st quarter,0:28.9,Carlos Arroyo,DET,False,2-pointer,16,21-20,'IND',leads
657,657,657,200602040IND,23.8,8.1,1st quarter,0:07.4,Tayshaun Prince,DET,True,2-pointer,3,23-20,'IND',leads
658,658,658,200602040IND,15.3,20.6,2nd quarter,11:35.0,Maurice Evans,DET,False,2-pointer,18,23-23,'IND',tied
659,659,659,200602040IND,25.6,5.8,2nd quarter,11:33.0,Antonio McDyess,DET,False,2-pointer,2,23-23,'IND',tied
660,660,660,200602040IND,33.5,25.6,2nd quarter,11:13.0,Tayshaun Prince,DET,False,2-pointer,23,23-23,'IND',tied
661,661,661,200602040IND,44.4,14.2,2nd quarter,10:52.0,Tayshaun Prince,DET,False,2-pointer,22,23-23,'IND',tied
662,662,662,200602040IND,43.4,10.4,2nd quarter,10:44.0,Chauncey Billups,DET,False,2-pointer,20,23-23,'IND',tied
663,663,663,200602040IND,13.5,8.6,2nd quarter,10:16.0,Carlos Delfino,DET,True,2-pointer,11,27-25,'IND',leads
664,664,664,200602040IND,12.8,6.5,2nd quarter,9:42.0,Carlos Delfino,DET,False,2-pointer,11,27-27,'IND',tied
665,665,665,200602040IND,44.4,5.0,2nd quarter,9:38.0,Maurice Evans,DET,False,2-pointer,20,27-27,'IND',tied
666,666,666,200602040IND,24.6,6.2,2nd quarter,9:18.0,Dale Davis,DET,True,2-pointer,1,29-27,'IND',leads
667,667,667,200602040IND,9.7,11.4,2nd quarter,8:41.0,Antonio McDyess,DET,True,2-pointer,16,31-29,'IND',leads
668,668,668,200602040IND,8.7,5.0,2nd quarter,7:31.0,Richard Hamilton,DET,True,2-pointer,15,33-31,'IND',leads
669,669,669,200602040IND,12.0,17.8,2nd quarter,6:59.0,Richard Hamilton,DET,True,2-pointer,18,35-31,'IND',leads
670,670,670,200602040IND,8.1,15.2,2nd quarter,6:06.0,Chauncey Billups,DET,False,2-pointer,19,35-34,'IND',leads
671,671,671,200602040IND,33.8,19.5,2nd quarter,5:46.0,Richard Hamilton,DET,True,2-pointer,18,37-34,'IND',leads
672,672,672,200602040IND,13.5,5.7,2nd quarter,5:10.0,Rasheed Wallace,DET,True,2-pointer,11,39-36,'IND',leads
673,673,673,200602040IND,41.4,7.3,2nd quarter,4:28.0,Richard Hamilton,DET,True,2-pointer,18,41-38,'IND',leads
674,674,674,200602040IND,26.9,10.9,2nd quarter,3:47.0,Rasheed Wallace,DET,False,2-pointer,7,41-40,'IND',leads
675,675,675,200602040IND,20.6,11.8,2nd quarter,2:48.0,Richard Hamilton,DET,False,2-pointer,8,43-43,'IND',tied
676,676,676,200602040IND,29.6,30.5,2nd quarter,2:20.0,Rasheed Wallace,DET,False,3-pointer,26,43-43,'IND',tied
677,677,677,200602040IND,23.8,6.5,2nd quarter,2:18.0,Richard Hamilton,DET,True,2-pointer,2,45-43,'IND',leads
678,678,678,200602040IND,42.4,5.0,2nd quarter,1:26.0,Rasheed Wallace,DET,False,2-pointer,18,47-46,'IND',leads
679,679,679,200602040IND,25.0,14.1,2nd quarter,0:59.9,Richard Hamilton,DET,False,2-pointer,9,47-48,'IND',trails
680,680,680,200602040IND,1.3,15.7,2nd quarter,0:24.0,Tayshaun Prince,DET,True,3-pointer,25,50-51,'IND',trails
681,681,681,200602040IND,37.5,6.7,3rd quarter,10:50.0,Rasheed Wallace,DET,False,2-pointer,14,50-51,'IND',trails
682,682,682,200602040IND,26.6,7.6,3rd quarter,10:11.0,Ben Wallace,DET,False,2-pointer,4,50-51,'IND',trails
683,683,683,200602040IND,38.0,5.0,3rd quarter,9:45.0,Chauncey Billups,DET,False,2-pointer,14,50-51,'IND',trails
684,684,684,200602040IND,28.3,27.2,3rd quarter,9:06.0,Chauncey Billups,DET,False,2-pointer,23,50-51,'IND',trails
685,685,685,200602040IND,11.5,6.3,3rd quarter,8:30.0,Richard Hamilton,DET,True,2-pointer,13,52-51,'IND',leads
686,686,686,200602040IND,30.2,6.3,3rd quarter,7:48.0,Rasheed Wallace,DET,False,2-pointer,6,52-53,'IND',trails
687,687,687,200602040IND,28.4,7.0,3rd quarter,7:45.0,Rasheed Wallace,DET,True,2-pointer,5,54-53,'IND',leads
688,688,688,200602040IND,35.5,5.2,3rd quarter,7:06.0,Rasheed Wallace,DET,False,2-pointer,12,54-55,'IND',trails
689,689,689,200602040IND,23.2,14.2,3rd quarter,6:37.0,Richard Hamilton,DET,True,2-pointer,9,56-57,'IND',trails
690,690,690,200602040IND,17.6,15.5,3rd quarter,5:55.0,Richard Hamilton,DET,True,2-pointer,12,58-57,'IND',leads
691,691,691,200602040IND,4.6,19.3,3rd quarter,4:52.0,Rasheed Wallace,DET,False,3-pointer,24,58-60,'IND',trails
692,692,692,200602040IND,7.2,4.5,3rd quarter,4:49.0,Richard Hamilton,DET,False,2-pointer,17,58-60,'IND',trails
693,693,693,200602040IND,8.1,4.7,3rd quarter,4:15.0,Tayshaun Prince,DET,True,2-pointer,16,60-60,'IND',tied
694,694,694,200602040IND,38.3,8.1,3rd quarter,3:25.0,Tayshaun Prince,DET,False,2-pointer,15,60-63,'IND',trails
695,695,695,200602040IND,19.6,29.7,3rd quarter,2:02.0,Chauncey Billups,DET,False,3-pointer,25,62-65,'IND',trails
696,696,696,200602040IND,23.5,17.3,3rd quarter,1:09.0,Richard Hamilton,DET,False,2-pointer,12,62-67,'IND',trails
697,697,697,200602040IND,25.0,14.1,3rd quarter,0:19.9,Richard Hamilton,DET,False,2-pointer,9,62-72,'IND',trails
698,698,698,200602040IND,23.8,9.3,3rd quarter,0:00.0,Chauncey Billups,DET,True,2-pointer,4,64-74,'IND',trails
699,699,699,200602040IND,15.0,10.3,4th quarter,11:42.0,Rasheed Wallace,DET,False,2-pointer,10,64-74,'IND',trails
700,700,700,200602040IND,26.3,7.6,4th quarter,11:16.0,Richard Hamilton,DET,True,2-pointer,3,66-74,'IND',trails
701,701,701,200602040IND,13.3,21.4,4th quarter,9:51.0,Carlos Arroyo,DET,False,2-pointer,20,69-76,'IND',trails
702,702,702,200602040IND,24.5,29.5,4th quarter,9:24.0,Rasheed Wallace,DET,True,3-pointer,25,72-76,'IND',trails
703,703,703,200602040IND,13.2,17.7,4th quarter,8:41.0,Richard Hamilton,DET,False,2-pointer,17,72-78,'IND',trails
704,704,704,200602040IND,35.7,17.7,4th quarter,8:12.0,Antonio McDyess,DET,False,2-pointer,17,72-78,'IND',trails
705,705,705,200602040IND,4.9,21.3,4th quarter,7:01.0,Rasheed Wallace,DET,False,3-pointer,25,73-80,'IND',trails
706,706,706,200602040IND,39.6,18.2,4th quarter,6:26.0,Carlos Delfino,DET,False,2-pointer,20,73-82,'IND',trails
707,707,707,200602040IND,42.6,10.6,4th quarter,6:04.0,Carlos Delfino,DET,True,2-pointer,19,75-82,'IND',trails
708,708,708,200602040IND,23.4,11.6,4th quarter,5:22.0,Rasheed Wallace,DET,False,2-pointer,7,75-82,'IND',trails
709,709,709,200602040IND,1.0,4.7,4th quarter,4:53.0,Richard Hamilton,DET,False,3-pointer,23,75-82,'IND',trails
710,710,710,200602040IND,43.2,8.1,4th quarter,4:37.0,Tayshaun Prince,DET,False,2-pointer,19,75-82,'IND',trails
711,711,711,200602040IND,13.8,13.4,4th quarter,3:58.0,Richard Hamilton,DET,True,2-pointer,13,77-82,'IND',trails
712,712,712,200602040IND,4.9,6.8,4th quarter,2:08.0,Chauncey Billups,DET,False,2-pointer,19,79-86,'IND',trails
713,713,713,200602040IND,21.4,7.6,4th quarter,1:41.0,Tayshaun Prince,DET,True,2-pointer,4,81-88,'IND',trails
714,714,714,200602040IND,47.8,5.0,4th quarter,1:15.0,Tayshaun Prince,DET,False,3-pointer,24,81-90,'IND',trails
715,715,715,200602040IND,14.5,14.5,4th quarter,0:51.0,Richard Hamilton,DET,True,2-pointer,13,83-90,'IND',trails
716,716,716,200602040IND,24.8,5.5,4th quarter,0:14.9,Richard Hamilton,DET,False,2-pointer,1,83-92,'IND',trails
717,717,717,200602040IND,33.4,18.8,4th quarter,0:11.2,Richard Hamilton,DET,True,2-pointer,17,85-92,'IND',trails
718,718,718,200602040IND,26.3,24.1,1st quarter,10:46.0,Stephen Jackson,IND,False,2-pointer,19,0-0,'IND',tied
719,719,719,200602040IND,25.6,6.7,1st quarter,10:44.0,Jeff Foster,IND,False,2-pointer,2,0-0,'IND',tied
720,720,720,200602040IND,25.8,3.4,1st quarter,10:38.0,Peja Stojaković,IND,False,2-pointer,2,0-0,'IND',tied
721,721,721,200602040IND,25.8,8.0,1st quarter,10:30.0,Jeff Foster,IND,False,2-pointer,4,0-0,'IND',tied
722,722,722,200602040IND,14.0,5.5,1st quarter,9:58.0,Scot Pollard,IND,True,2-pointer,10,2-3,'IND',trails
723,723,723,200602040IND,12.2,6.5,1st quarter,9:25.0,Stephen Jackson,IND,True,2-pointer,12,4-5,'IND',trails
724,724,724,200602040IND,34.0,23.6,1st quarter,8:46.0,Stephen Jackson,IND,False,2-pointer,21,4-7,'IND',trails
725,725,725,200602040IND,21.9,17.2,1st quarter,8:22.0,Stephen Jackson,IND,False,2-pointer,12,4-10,'IND',trails
726,726,726,200602040IND,24.0,6.0,1st quarter,7:57.0,Jeff Foster,IND,True,2-pointer,1,6-10,'IND',trails
727,727,727,200602040IND,26.6,22.6,1st quarter,7:17.0,Peja Stojaković,IND,False,2-pointer,18,6-10,'IND',trails
728,728,728,200602040IND,23.0,6.8,1st quarter,7:07.0,Scot Pollard,IND,True,2-pointer,2,8-10,'IND',trails
729,729,729,200602040IND,23.0,6.3,1st quarter,6:41.0,Scot Pollard,IND,True,2-pointer,2,10-10,'IND',tied
730,730,730,200602040IND,36.0,22.3,1st quarter,6:02.0,Anthony Johnson,IND,True,2-pointer,21,12-10,'IND',leads
731,731,731,200602040IND,28.7,16.2,1st quarter,5:29.0,Scot Pollard,IND,False,2-pointer,12,12-12,'IND',tied
732,732,732,200602040IND,23.7,7.8,1st quarter,5:27.0,Peja Stojaković,IND,False,2-pointer,3,12-12,'IND',tied
733,733,733,200602040IND,25.5,6.5,1st quarter,5:26.0,Peja Stojaković,IND,False,2-pointer,2,12-12,'IND',tied
734,734,734,200602040IND,34.2,6.5,1st quarter,5:16.0,Anthony Johnson,IND,True,2-pointer,10,14-12,'IND',leads
735,735,735,200602040IND,10.5,10.3,1st quarter,4:44.0,Anthony Johnson,IND,False,2-pointer,15,14-12,'IND',leads
736,736,736,200602040IND,26.3,8.0,1st quarter,4:43.0,Scot Pollard,IND,False,2-pointer,4,14-12,'IND',leads
737,737,737,200602040IND,25.6,6.8,1st quarter,4:41.0,Scot Pollard,IND,False,2-pointer,2,14-12,'IND',leads
738,738,738,200602040IND,13.2,20.1,1st quarter,4:25.0,Scot Pollard,IND,False,2-pointer,19,14-12,'IND',leads
739,739,739,200602040IND,25.6,6.2,1st quarter,4:22.0,Stephen Jackson,IND,False,2-pointer,2,14-12,'IND',leads
740,740,740,200602040IND,23.7,8.1,1st quarter,4:20.0,Jeff Foster,IND,False,2-pointer,3,14-12,'IND',leads
741,741,741,200602040IND,25.5,5.3,1st quarter,3:57.0,David Harrison,IND,False,2-pointer,2,14-13,'IND',leads
742,742,742,200602040IND,39.4,6.3,1st quarter,3:41.0,Fred Jones,IND,False,2-pointer,15,14-13,'IND',leads
743,743,743,200602040IND,38.9,24.9,1st quarter,3:21.0,Peja Stojaković,IND,False,3-pointer,25,14-15,'IND',trails
744,744,744,200602040IND,16.5,15.0,1st quarter,3:09.0,Anthony Johnson,IND,False,2-pointer,13,14-15,'IND',trails
745,745,745,200602040IND,25.0,8.3,1st quarter,3:05.0,David Harrison,IND,True,2-pointer,3,16-15,'IND',leads
746,746,746,200602040IND,27.4,6.2,1st quarter,2:38.0,Anthony Johnson,IND,False,2-pointer,4,16-17,'IND',trails
747,747,747,200602040IND,10.4,18.5,1st quarter,1:20.0,Danny Granger,IND,True,2-pointer,19,18-19,'IND',trails
748,748,748,200602040IND,24.3,6.3,1st quarter,0:01.0,Danny Granger,IND,False,2-pointer,1,20-23,'IND',trails
749,749,749,200602040IND,25.3,7.2,2nd quarter,11:52.0,David Harrison,IND,True,2-pointer,3,22-23,'IND',trails
750,750,750,200602040IND,34.0,8.0,2nd quarter,11:02.0,David Harrison,IND,False,2-pointer,10,23-23,'IND',tied
751,751,751,200602040IND,34.3,9.1,2nd quarter,10:33.0,Šarūnas Jasikevičius,IND,True,2-pointer,11,25-25,'IND',tied
752,752,752,200602040IND,23.4,8.1,2nd quarter,10:03.0,David Harrison,IND,True,2-pointer,3,27-27,'IND',tied
753,753,753,200602040IND,29.9,20.6,2nd quarter,9:04.0,Fred Jones,IND,True,2-pointer,17,29-29,'IND',tied
754,754,754,200602040IND,32.5,6.7,2nd quarter,8:21.0,David Harrison,IND,True,2-pointer,9,31-31,'IND',tied
755,755,755,200602040IND,42.2,22.6,2nd quarter,7:37.0,Šarūnas Jasikevičius,IND,False,3-pointer,25,31-31,'IND',tied
756,756,756,200602040IND,9.1,5.3,2nd quarter,7:09.0,Stephen Jackson,IND,False,2-pointer,15,31-33,'IND',trails
757,757,757,200602040IND,6.8,27.4,2nd quarter,6:30.0,Peja Stojaković,IND,True,3-pointer,28,34-35,'IND',trails
758,758,758,200602040IND,0.5,5.0,2nd quarter,5:54.0,Peja Stojaković,IND,False,3-pointer,24,34-35,'IND',trails
759,759,759,200602040IND,25.6,7.8,2nd quarter,5:30.0,Stephen Jackson,IND,True,2-pointer,3,36-37,'IND',trails
760,760,760,200602040IND,11.8,5.8,2nd quarter,4:48.0,Anthony Johnson,IND,True,2-pointer,12,38-39,'IND',trails
761,761,761,200602040IND,22.9,6.7,2nd quarter,4:12.0,Jeff Foster,IND,True,2-pointer,2,40-41,'IND',trails
762,762,762,200602040IND,38.9,5.8,2nd quarter,3:40.0,Peja Stojaković,IND,False,2-pointer,15,40-41,'IND',trails
763,763,763,200602040IND,23.8,6.0,2nd quarter,3:37.0,Anthony Johnson,IND,False,2-pointer,1,40-41,'IND',trails
764,764,764,200602040IND,34.5,8.6,2nd quarter,3:02.0,Anthony Johnson,IND,False,2-pointer,11,40-43,'IND',trails
765,765,765,200602040IND,23.4,30.8,2nd quarter,2:57.0,Stephen Jackson,IND,True,3-pointer,26,43-43,'IND',tied
766,766,766,200602040IND,22.9,6.3,2nd quarter,2:40.0,Peja Stojaković,IND,False,2-pointer,2,43-43,'IND',tied
767,767,767,200602040IND,47.5,5.3,2nd quarter,1:58.0,Stephen Jackson,IND,True,3-pointer,24,46-45,'IND',leads
768,768,768,200602040IND,0.7,5.3,2nd quarter,1:43.0,Danny Granger,IND,False,3-pointer,23,46-47,'IND',trails
769,769,769,200602040IND,25.3,6.0,2nd quarter,1:18.0,Peja Stojaković,IND,True,2-pointer,2,48-47,'IND',leads
770,770,770,200602040IND,22.4,30.3,2nd quarter,0:38.8,Stephen Jackson,IND,True,3-pointer,25,51-47,'IND',leads
771,771,771,200602040IND,17.9,22.9,2nd quarter,0:03.9,Stephen Jackson,IND,False,2-pointer,19,51-50,'IND',leads
772,772,772,200602040IND,23.8,19.8,3rd quarter,11:43.0,Stephen Jackson,IND,False,2-pointer,15,51-50,'IND',leads
773,773,773,200602040IND,23.7,19.1,3rd quarter,11:22.0,Anthony Johnson,IND,False,2-pointer,14,51-50,'IND',leads
774,774,774,200602040IND,13.8,27.2,3rd quarter,11:15.0,Stephen Jackson,IND,False,3-pointer,24,51-50,'IND',leads
775,775,775,200602040IND,25.3,9.3,3rd quarter,10:32.0,Peja Stojaković,IND,False,2-pointer,4,51-50,'IND',leads
776,776,776,200602040IND,22.9,6.7,3rd quarter,10:30.0,Jeff Foster,IND,False,2-pointer,2,51-50,'IND',leads
777,777,777,200602040IND,19.4,20.6,3rd quarter,9:23.0,Scot Pollard,IND,False,2-pointer,16,51-50,'IND',leads
778,778,778,200602040IND,27.8,6.3,3rd quarter,8:09.0,Stephen Jackson,IND,True,2-pointer,4,53-52,'IND',leads
779,779,779,200602040IND,23.4,6.2,3rd quarter,7:28.0,Jeff Foster,IND,True,2-pointer,1,55-54,'IND',leads
780,780,780,200602040IND,24.8,6.5,3rd quarter,6:57.0,Jeff Foster,IND,True,2-pointer,2,57-54,'IND',leads
781,781,781,200602040IND,26.1,6.7,3rd quarter,6:14.0,Anthony Johnson,IND,False,2-pointer,3,57-56,'IND',leads
782,782,782,200602040IND,46.5,16.4,3rd quarter,5:40.0,Peja Stojaković,IND,False,3-pointer,25,57-58,'IND',trails
783,783,783,200602040IND,42.9,6.7,3rd quarter,5:26.0,Stephen Jackson,IND,False,2-pointer,19,57-58,'IND',trails
784,784,784,200602040IND,24.3,6.3,3rd quarter,5:24.0,Danny Granger,IND,False,2-pointer,1,57-58,'IND',trails
785,785,785,200602040IND,26.0,17.5,3rd quarter,5:19.0,Stephen Jackson,IND,False,2-pointer,13,57-58,'IND',trails
786,786,786,200602040IND,47.6,14.7,3rd quarter,5:13.0,Stephen Jackson,IND,True,3-pointer,26,60-58,'IND',leads
787,787,787,200602040IND,8.2,8.5,3rd quarter,4:32.0,Stephen Jackson,IND,False,2-pointer,16,60-58,'IND',leads
788,788,788,200602040IND,45.2,19.1,3rd quarter,3:53.0,Peja Stojaković,IND,True,3-pointer,25,63-60,'IND',leads
789,789,789,200602040IND,39.1,6.2,3rd quarter,3:07.0,Scot Pollard,IND,False,2-pointer,15,63-60,'IND',leads
790,790,790,200602040IND,40.9,12.6,3rd quarter,2:27.0,Danny Granger,IND,True,2-pointer,19,65-62,'IND',leads
791,791,791,200602040IND,40.3,6.8,3rd quarter,1:44.0,Danny Granger,IND,True,2-pointer,16,67-62,'IND',leads
792,792,792,200602040IND,29.7,7.0,3rd quarter,1:16.0,Fred Jones,IND,False,2-pointer,6,67-62,'IND',leads
793,793,793,200602040IND,25.0,5.3,3rd quarter,0:59.1,Danny Granger,IND,True,2-pointer,1,69-62,'IND',leads
794,794,794,200602040IND,24.6,8.0,3rd quarter,0:35.6,David Harrison,IND,True,2-pointer,3,72-62,'IND',leads
795,795,795,200602040IND,19.9,16.7,3rd quarter,0:11.8,Šarūnas Jasikevičius,IND,True,2-pointer,12,74-62,'IND',leads
796,796,796,200602040IND,21.9,26.2,4th quarter,11:26.0,Fred Jones,IND,False,2-pointer,21,74-64,'IND',leads
797,797,797,200602040IND,24.5,6.2,4th quarter,11:04.0,David Harrison,IND,True,2-pointer,1,76-66,'IND',leads
798,798,798,200602040IND,13.2,27.7,4th quarter,10:24.0,Danny Granger,IND,False,3-pointer,25,76-67,'IND',leads
799,799,799,200602040IND,23.5,6.5,4th quarter,10:00.0,David Harrison,IND,False,2-pointer,2,76-69,'IND',leads
800,800,800,200602040IND,26.4,7.0,4th quarter,9:59.0,David Harrison,IND,False,2-pointer,3,76-69,'IND',leads
801,801,801,200602040IND,34.2,9.5,4th quarter,9:37.0,David Harrison,IND,False,2-pointer,11,76-69,'IND',leads
802,802,802,200602040IND,24.8,15.7,4th quarter,8:59.0,Fred Jones,IND,True,2-pointer,11,78-72,'IND',leads
803,803,803,200602040IND,5.1,15.2,4th quarter,8:33.0,Fred Jones,IND,False,2-pointer,21,78-72,'IND',leads
804,804,804,200602040IND,21.2,22.4,4th quarter,7:49.0,Peja Stojaković,IND,False,2-pointer,18,78-72,'IND',leads
805,805,805,200602040IND,27.6,6.3,4th quarter,7:41.0,Anthony Johnson,IND,False,2-pointer,4,78-72,'IND',leads
806,806,806,200602040IND,42.4,10.1,4th quarter,6:43.0,Fred Jones,IND,True,2-pointer,19,82-73,'IND',leads
807,807,807,200602040IND,42.9,8.1,4th quarter,6:11.0,Fred Jones,IND,False,2-pointer,19,82-73,'IND',leads
808,808,808,200602040IND,14.8,21.0,4th quarter,5:42.0,Anthony Johnson,IND,False,2-pointer,18,82-75,'IND',leads
809,809,809,200602040IND,47.2,15.0,4th quarter,5:15.0,Stephen Jackson,IND,False,3-pointer,25,82-75,'IND',leads
810,810,810,200602040IND,23.8,5.8,4th quarter,4:09.0,Stephen Jackson,IND,False,2-pointer,1,82-75,'IND',leads
811,811,811,200602040IND,21.5,7.0,4th quarter,3:33.0,Stephen Jackson,IND,True,2-pointer,3,84-77,'IND',leads
812,812,812,200602040IND,25.6,7.6,4th quarter,2:57.0,Stephen Jackson,IND,False,2-pointer,3,84-79,'IND',leads
813,813,813,200602040IND,41.4,9.8,4th quarter,2:30.0,Danny Granger,IND,True,2-pointer,18,86-79,'IND',leads
814,814,814,200602040IND,25.0,7.0,4th quarter,1:28.0,David Harrison,IND,True,2-pointer,2,90-81,'IND',leads
815,815,815,200602040IND,43.2,8.8,4th quarter,0:29.9,Fred Jones,IND,False,2-pointer,20,90-83,'IND',leads
816,816,816,200602040MIL,5.1,8.5,1st quarter,11:29.0,Chucky Atkins,MEM,False,2-pointer,19,0-2,'MIL',trails
817,817,817,200602040MIL,14.3,3.4,1st quarter,10:49.0,Pau Gasol,MEM,True,2-pointer,10,2-4,'MIL',trails
818,818,818,200602040MIL,20.4,3.9,1st quarter,10:14.0,Lorenzen Wright,MEM,True,2-pointer,4,4-6,'MIL',trails
819,819,819,200602040MIL,8.9,3.2,1st quarter,9:13.0,Lorenzen Wright,MEM,False,2-pointer,15,6-10,'MIL',trails
820,820,820,200602040MIL,24.0,5.0,1st quarter,9:03.0,Shane Battier,MEM,True,2-pointer,0,8-10,'MIL',trails
821,821,821,200602040MIL,30.1,19.0,1st quarter,8:29.0,Pau Gasol,MEM,False,2-pointer,15,8-10,'MIL',trails
822,822,822,200602040MIL,38.8,7.6,1st quarter,7:41.0,Eddie Jones,MEM,True,2-pointer,15,10-12,'MIL',trails
823,823,823,200602040MIL,24.0,5.0,1st quarter,7:05.0,Pau Gasol,MEM,True,2-pointer,0,12-14,'MIL',trails
824,824,824,200602040MIL,24.0,5.0,1st quarter,6:15.0,Lorenzen Wright,MEM,False,2-pointer,0,12-14,'MIL',trails
825,825,825,200602040MIL,24.0,5.0,1st quarter,5:44.0,Pau Gasol,MEM,False,2-pointer,0,12-14,'MIL',trails
826,826,826,200602040MIL,24.0,5.0,1st quarter,5:08.0,Pau Gasol,MEM,True,2-pointer,0,14-17,'MIL',trails
827,827,827,200602040MIL,0.5,4.4,1st quarter,4:28.0,Eddie Jones,MEM,False,3-pointer,24,14-17,'MIL',trails
828,828,828,200602040MIL,43.7,22.6,1st quarter,3:05.0,Mike Miller,MEM,True,3-pointer,26,17-23,'MIL',trails
829,829,829,200602040MIL,19.7,5.8,1st quarter,2:27.0,Jake Tsakalidis,MEM,True,2-pointer,4,19-26,'MIL',trails
830,830,830,200602040MIL,24.0,19.6,1st quarter,1:46.0,Pau Gasol,MEM,False,2-pointer,15,19-29,'MIL',trails
831,831,831,200602040MIL,24.0,5.0,1st quarter,1:44.0,Jake Tsakalidis,MEM,False,2-pointer,0,19-29,'MIL',trails
832,832,832,200602040MIL,19.4,5.0,1st quarter,1:10.0,Pau Gasol,MEM,False,2-pointer,5,19-31,'MIL',trails
833,833,833,200602040MIL,24.0,5.0,1st quarter,0:44.9,Mike Miller,MEM,False,2-pointer,0,19-31,'MIL',trails
834,834,834,200602040MIL,16.5,17.5,2nd quarter,10:41.0,Bobby Jackson,MEM,False,2-pointer,15,23-33,'MIL',trails
835,835,835,200602040MIL,24.0,5.0,2nd quarter,10:05.0,Brian Cardinal,MEM,True,2-pointer,0,25-35,'MIL',trails
836,836,836,200602040MIL,40.9,3.6,2nd quarter,9:10.0,Antonio Burks,MEM,False,2-pointer,17,25-35,'MIL',trails
837,837,837,200602040MIL,24.0,5.0,2nd quarter,8:38.0,Jake Tsakalidis,MEM,True,2-pointer,0,27-35,'MIL',trails
838,838,838,200602040MIL,24.0,5.0,2nd quarter,7:40.0,Brian Cardinal,MEM,True,2-pointer,0,30-37,'MIL',trails
839,839,839,200602040MIL,11.4,4.4,2nd quarter,7:20.0,Bobby Jackson,MEM,False,2-pointer,13,30-37,'MIL',trails
840,840,840,200602040MIL,24.0,5.0,2nd quarter,6:56.0,Mike Miller,MEM,True,2-pointer,0,32-37,'MIL',trails
841,841,841,200602040MIL,24.0,5.0,2nd quarter,5:42.0,Brian Cardinal,MEM,True,2-pointer,0,36-38,'MIL',trails
842,842,842,200602040MIL,12.2,18.7,2nd quarter,5:00.0,Brian Cardinal,MEM,False,2-pointer,18,36-38,'MIL',trails
843,843,843,200602040MIL,42.4,3.2,2nd quarter,4:26.0,Mike Miller,MEM,False,2-pointer,18,36-38,'MIL',trails
844,844,844,200602040MIL,9.5,14.5,2nd quarter,3:22.0,Antonio Burks,MEM,True,2-pointer,17,38-38,'MIL',tied
845,845,845,200602040MIL,8.7,20.3,2nd quarter,2:19.0,Mike Miller,MEM,False,2-pointer,22,40-38,'MIL',leads
846,846,846,200602040MIL,18.9,6.2,2nd quarter,1:32.0,Pau Gasol,MEM,False,2-pointer,5,40-38,'MIL',leads
847,847,847,200602040MIL,13.0,2.6,2nd quarter,1:00.0,Pau Gasol,MEM,False,2-pointer,11,40-41,'MIL',trails
848,848,848,200602040MIL,22.4,8.0,3rd quarter,11:45.0,Shane Battier,MEM,False,2-pointer,3,42-41,'MIL',leads
849,849,849,200602040MIL,24.0,5.0,3rd quarter,11:15.0,Shane Battier,MEM,False,2-pointer,0,42-41,'MIL',leads
850,850,850,200602040MIL,1.0,3.9,3rd quarter,10:25.0,Shane Battier,MEM,False,3-pointer,23,42-44,'MIL',trails
851,851,851,200602040MIL,16.6,3.6,3rd quarter,8:44.0,Eddie Jones,MEM,True,2-pointer,8,46-46,'MIL',tied
852,852,852,200602040MIL,24.0,5.0,3rd quarter,8:14.0,Jake Tsakalidis,MEM,False,2-pointer,0,46-46,'MIL',tied
853,853,853,200602040MIL,12.5,28.7,3rd quarter,6:34.0,Chucky Atkins,MEM,False,3-pointer,26,48-50,'MIL',trails
854,854,854,200602040MIL,12.2,3.6,3rd quarter,5:53.0,Pau Gasol,MEM,False,2-pointer,12,48-52,'MIL',trails
855,855,855,200602040MIL,37.1,3.6,3rd quarter,5:19.0,Shane Battier,MEM,False,2-pointer,13,48-52,'MIL',trails
856,856,856,200602040MIL,47.8,3.7,3rd quarter,4:11.0,Chucky Atkins,MEM,False,3-pointer,24,49-56,'MIL',trails
857,857,857,200602040MIL,33.4,29.0,3rd quarter,3:04.0,Bobby Jackson,MEM,True,3-pointer,26,54-58,'MIL',trails
858,858,858,200602040MIL,0.7,4.4,3rd quarter,2:20.0,Eddie Jones,MEM,True,3-pointer,23,58-58,'MIL',tied
859,859,859,200602040MIL,24.0,5.0,3rd quarter,1:32.0,Pau Gasol,MEM,True,2-pointer,0,60-60,'MIL',tied
860,860,860,200602040MIL,24.0,5.0,3rd quarter,0:54.7,Mike Miller,MEM,True,2-pointer,0,62-63,'MIL',trails
861,861,861,200602040MIL,24.0,5.0,3rd quarter,0:31.1,Mike Miller,MEM,True,2-pointer,0,64-64,'MIL',tied
862,862,862,200602040MIL,8.6,28.3,4th quarter,11:18.0,Brian Cardinal,MEM,False,3-pointer,28,64-66,'MIL',trails
863,863,863,200602040MIL,24.0,5.0,4th quarter,10:46.0,Brian Cardinal,MEM,False,2-pointer,0,64-66,'MIL',trails
864,864,864,200602040MIL,24.0,5.0,4th quarter,10:44.0,Pau Gasol,MEM,False,2-pointer,0,64-66,'MIL',trails
865,865,865,200602040MIL,0.5,5.0,4th quarter,9:10.0,Mike Miller,MEM,False,3-pointer,24,64-68,'MIL',trails
866,866,866,200602040MIL,24.0,5.0,4th quarter,9:06.0,Antonio Burks,MEM,False,2-pointer,0,64-68,'MIL',trails
867,867,867,200602040MIL,46.7,5.8,4th quarter,8:27.0,Bobby Jackson,MEM,True,3-pointer,23,67-70,'MIL',trails
868,868,868,200602040MIL,24.0,5.0,4th quarter,7:58.0,Bobby Jackson,MEM,True,2-pointer,0,69-70,'MIL',trails
869,869,869,200602040MIL,13.5,3.4,4th quarter,7:28.0,Brian Cardinal,MEM,True,2-pointer,11,71-72,'MIL',trails
870,870,870,200602040MIL,24.0,5.0,4th quarter,6:06.0,Pau Gasol,MEM,True,2-pointer,0,73-72,'MIL',leads
871,871,871,200602040MIL,29.2,7.8,4th quarter,5:25.0,Bobby Jackson,MEM,False,2-pointer,6,73-72,'MIL',leads
872,872,872,200602040MIL,12.8,11.3,4th quarter,5:07.0,Brian Cardinal,MEM,False,2-pointer,13,73-72,'MIL',leads
873,873,873,200602040MIL,0.2,5.2,4th quarter,4:20.0,Bobby Jackson,MEM,False,3-pointer,24,73-74,'MIL',trails
874,874,874,200602040MIL,24.1,31.0,4th quarter,3:00.0,Brian Cardinal,MEM,False,3-pointer,26,73-76,'MIL',trails
875,875,875,200602040MIL,37.6,3.4,4th quarter,2:20.0,Mike Miller,MEM,False,2-pointer,14,73-78,'MIL',trails
876,876,876,200602040MIL,19.6,4.5,4th quarter,1:43.0,Pau Gasol,MEM,False,2-pointer,4,73-81,'MIL',trails
877,877,877,200602040MIL,24.0,5.0,4th quarter,1:43.0,Shane Battier,MEM,True,2-pointer,0,75-81,'MIL',trails
878,878,878,200602040MIL,24.0,20.5,4th quarter,1:11.0,Bobby Jackson,MEM,False,2-pointer,16,75-83,'MIL',trails
879,879,879,200602040MIL,24.0,5.0,4th quarter,0:30.8,Shane Battier,MEM,False,2-pointer,0,75-86,'MIL',trails
880,880,880,200602040MIL,24.0,5.0,4th quarter,0:21.1,Eddie Jones,MEM,True,2-pointer,0,77-86,'MIL',trails
881,881,881,200602040MIL,24.0,5.0,4th quarter,0:08.9,Bobby Jackson,MEM,False,2-pointer,0,78-88,'MIL',trails
882,882,882,200602040MIL,24.0,5.0,1st quarter,11:42.0,Andrew Bogut,MIL,True,2-pointer,0,2-0,'MIL',leads
883,883,883,200602040MIL,24.0,5.0,1st quarter,11:11.0,Jamaal Magloire,MIL,True,2-pointer,0,4-0,'MIL',leads
884,884,884,200602040MIL,24.0,5.0,1st quarter,10:32.0,Andrew Bogut,MIL,True,2-pointer,0,6-2,'MIL',leads
885,885,885,200602040MIL,24.0,5.0,1st quarter,10:04.0,Jamaal Magloire,MIL,True,2-pointer,0,8-4,'MIL',leads
886,886,886,200602040MIL,24.0,5.0,1st quarter,9:33.0,Jamaal Magloire,MIL,True,2-pointer,0,10-6,'MIL',leads
887,887,887,200602040MIL,24.0,5.0,1st quarter,8:40.0,Andrew Bogut,MIL,False,2-pointer,0,10-8,'MIL',leads
888,888,888,200602040MIL,24.6,11.6,1st quarter,8:18.0,T.J. Ford,MIL,False,2-pointer,7,10-8,'MIL',leads
889,889,889,200602040MIL,24.0,5.0,1st quarter,8:14.0,Andrew Bogut,MIL,False,2-pointer,0,10-8,'MIL',leads
890,890,890,200602040MIL,24.0,5.0,1st quarter,8:05.0,Andrew Bogut,MIL,True,2-pointer,0,12-8,'MIL',leads
891,891,891,200602040MIL,29.2,4.4,1st quarter,7:22.0,Jamaal Magloire,MIL,True,2-pointer,5,14-10,'MIL',leads
892,892,892,200602040MIL,24.0,5.0,1st quarter,6:42.0,Jamaal Magloire,MIL,False,2-pointer,0,14-12,'MIL',leads
893,893,893,200602040MIL,24.0,5.0,1st quarter,6:39.0,Jamaal Magloire,MIL,False,2-pointer,0,14-12,'MIL',leads
894,894,894,200602040MIL,1.3,4.7,1st quarter,6:34.0,Bobby Simmons,MIL,False,3-pointer,23,14-12,'MIL',leads
895,895,895,200602040MIL,18.4,4.2,1st quarter,6:08.0,Bobby Simmons,MIL,False,2-pointer,6,14-12,'MIL',leads
896,896,896,200602040MIL,8.1,25.6,1st quarter,5:26.0,Michael Redd,MIL,True,3-pointer,26,17-12,'MIL',leads
897,897,897,200602040MIL,24.0,5.0,1st quarter,4:46.0,Michael Redd,MIL,False,2-pointer,0,17-14,'MIL',leads
898,898,898,200602040MIL,24.0,5.0,1st quarter,4:43.0,Michael Redd,MIL,False,2-pointer,0,17-14,'MIL',leads
899,899,899,200602040MIL,24.0,5.0,1st quarter,4:40.0,Michael Redd,MIL,False,2-pointer,0,17-14,'MIL',leads
900,900,900,200602040MIL,46.8,18.0,1st quarter,4:11.0,Michael Redd,MIL,False,3-pointer,26,17-14,'MIL',leads
901,901,901,200602040MIL,32.0,5.3,1st quarter,3:55.0,Andrew Bogut,MIL,True,2-pointer,8,19-14,'MIL',leads
902,902,902,200602040MIL,11.7,4.2,1st quarter,3:23.0,Bobby Simmons,MIL,True,2-pointer,12,23-14,'MIL',leads
903,903,903,200602040MIL,1.0,4.4,1st quarter,2:45.0,Bobby Simmons,MIL,True,3-pointer,23,26-17,'MIL',leads
904,904,904,200602040MIL,23.5,31.0,1st quarter,2:06.0,Bobby Simmons,MIL,True,3-pointer,26,29-19,'MIL',leads
905,905,905,200602040MIL,24.0,5.0,1st quarter,1:32.0,T.J. Ford,MIL,True,2-pointer,0,31-19,'MIL',leads
906,906,906,200602040MIL,24.0,5.0,1st quarter,1:02.0,Joe Smith,MIL,False,2-pointer,0,31-19,'MIL',leads
907,907,907,200602040MIL,24.0,5.0,1st quarter,0:32.9,Michael Redd,MIL,False,2-pointer,0,31-19,'MIL',leads
908,908,908,200602040MIL,37.1,10.9,1st quarter,0:00.9,Joe Smith,MIL,False,2-pointer,14,31-21,'MIL',leads
909,909,909,200602040MIL,24.0,5.0,1st quarter,0:00.1,Charlie Bell,MIL,True,2-pointer,0,33-21,'MIL',leads
910,910,910,200602040MIL,40.1,3.1,2nd quarter,11:10.0,Toni Kukoč,MIL,False,2-pointer,16,33-23,'MIL',leads
911,911,911,200602040MIL,29.1,6.5,2nd quarter,10:50.0,Jamaal Magloire,MIL,False,2-pointer,5,33-23,'MIL',leads
912,912,912,200602040MIL,17.3,6.7,2nd quarter,10:26.0,Michael Redd,MIL,True,2-pointer,7,35-23,'MIL',leads
913,913,913,200602040MIL,6.9,3.2,2nd quarter,9:51.0,Michael Redd,MIL,False,2-pointer,17,35-25,'MIL',leads
914,914,914,200602040MIL,11.2,19.8,2nd quarter,9:23.0,Toni Kukoč,MIL,False,2-pointer,20,35-25,'MIL',leads
915,915,915,200602040MIL,8.9,26.5,2nd quarter,8:53.0,Toni Kukoč,MIL,False,3-pointer,26,35-25,'MIL',leads
916,916,916,200602040MIL,34.7,21.1,2nd quarter,8:24.0,Jiří Welsch,MIL,True,2-pointer,19,37-27,'MIL',leads
917,917,917,200602040MIL,24.0,5.0,2nd quarter,7:24.0,T.J. Ford,MIL,False,2-pointer,0,37-30,'MIL',leads
918,918,918,200602040MIL,24.0,18.7,2nd quarter,7:06.0,Jiří Welsch,MIL,False,2-pointer,14,37-30,'MIL',leads
919,919,919,200602040MIL,27.6,6.2,2nd quarter,4:49.0,Jamaal Magloire,MIL,False,2-pointer,4,38-36,'MIL',leads
920,920,920,200602040MIL,46.8,12.1,2nd quarter,3:42.0,Michael Redd,MIL,False,3-pointer,24,38-36,'MIL',leads
921,921,921,200602040MIL,14.6,30.7,2nd quarter,2:56.0,Bobby Simmons,MIL,False,3-pointer,27,38-38,'MIL',tied
922,922,922,200602040MIL,5.4,21.6,2nd quarter,2:30.0,Bobby Simmons,MIL,False,3-pointer,25,38-40,'MIL',trails
923,923,923,200602040MIL,24.0,5.0,2nd quarter,1:26.0,T.J. Ford,MIL,False,2-pointer,0,38-40,'MIL',trails
924,924,924,200602040MIL,24.0,5.0,2nd quarter,1:25.0,Dan Gadzuric,MIL,False,2-pointer,0,38-40,'MIL',trails
925,925,925,200602040MIL,44.5,19.0,2nd quarter,1:20.0,Michael Redd,MIL,True,3-pointer,25,41-40,'MIL',leads
926,926,926,200602040MIL,24.0,5.0,3rd quarter,11:29.0,Andrew Bogut,MIL,False,2-pointer,0,41-42,'MIL',trails
927,927,927,200602040MIL,33.0,18.2,3rd quarter,10:46.0,T.J. Ford,MIL,True,2-pointer,16,44-42,'MIL',leads
928,928,928,200602040MIL,37.3,3.2,3rd quarter,10:03.0,Michael Redd,MIL,True,2-pointer,13,46-42,'MIL',leads
929,929,929,200602040MIL,24.0,5.0,3rd quarter,9:26.0,Bobby Simmons,MIL,False,2-pointer,0,46-42,'MIL',leads
930,930,930,200602040MIL,24.0,5.0,3rd quarter,9:04.0,Jamaal Magloire,MIL,False,2-pointer,0,46-44,'MIL',leads
931,931,931,200602040MIL,24.0,5.0,3rd quarter,8:53.0,T.J. Ford,MIL,False,2-pointer,0,46-44,'MIL',leads
932,932,932,200602040MIL,24.0,5.0,3rd quarter,8:23.0,Bobby Simmons,MIL,False,2-pointer,0,46-46,'MIL',tied
933,933,933,200602040MIL,24.0,5.0,3rd quarter,7:51.0,T.J. Ford,MIL,True,2-pointer,0,48-46,'MIL',leads
934,934,934,200602040MIL,24.0,5.0,3rd quarter,6:55.0,Bobby Simmons,MIL,True,2-pointer,0,50-48,'MIL',leads
935,935,935,200602040MIL,24.0,5.0,3rd quarter,6:20.0,Jamaal Magloire,MIL,True,2-pointer,0,52-48,'MIL',leads
936,936,936,200602040MIL,24.0,5.0,3rd quarter,5:47.0,T.J. Ford,MIL,False,2-pointer,0,52-48,'MIL',leads
937,937,937,200602040MIL,11.7,8.0,3rd quarter,5:01.0,Michael Redd,MIL,True,2-pointer,13,54-48,'MIL',leads
938,938,938,200602040MIL,10.5,12.7,3rd quarter,4:28.0,Michael Redd,MIL,True,2-pointer,16,56-49,'MIL',leads
939,939,939,200602040MIL,27.9,5.8,3rd quarter,3:22.0,Joe Smith,MIL,False,2-pointer,4,58-51,'MIL',leads
940,940,940,200602040MIL,24.5,21.3,3rd quarter,2:44.0,Michael Redd,MIL,False,2-pointer,16,58-55,'MIL',leads
941,941,941,200602040MIL,11.2,17.5,3rd quarter,1:52.0,Charlie Bell,MIL,True,2-pointer,18,60-58,'MIL',leads
942,942,942,200602040MIL,24.0,5.0,3rd quarter,1:16.0,Joe Smith,MIL,True,2-pointer,0,62-60,'MIL',leads
943,943,943,200602040MIL,20.7,11.1,3rd quarter,0:11.8,Michael Redd,MIL,True,2-pointer,7,66-64,'MIL',leads
944,944,944,200602040MIL,6.1,11.4,3rd quarter,0:00.1,Joe Smith,MIL,False,2-pointer,19,66-64,'MIL',leads
945,945,945,200602040MIL,13.5,28.8,4th quarter,11:43.0,Toni Kukoč,MIL,False,3-pointer,26,66-64,'MIL',leads
946,946,946,200602040MIL,12.0,21.8,4th quarter,11:11.0,Charlie Bell,MIL,False,2-pointer,21,66-64,'MIL',leads
947,947,947,200602040MIL,24.0,5.0,4th quarter,9:35.0,Andrew Bogut,MIL,True,2-pointer,0,68-64,'MIL',leads
948,948,948,200602040MIL,22.7,24.7,4th quarter,8:50.0,Jiří Welsch,MIL,False,2-pointer,20,68-64,'MIL',leads
949,949,949,200602040MIL,19.9,3.9,4th quarter,8:11.0,Andrew Bogut,MIL,False,2-pointer,4,70-67,'MIL',leads
950,950,950,200602040MIL,24.0,5.0,4th quarter,7:03.0,T.J. Ford,MIL,False,2-pointer,0,72-71,'MIL',leads
951,951,951,200602040MIL,0.2,7.8,4th quarter,6:27.0,Toni Kukoč,MIL,False,3-pointer,24,72-71,'MIL',leads
952,952,952,200602040MIL,24.5,8.0,4th quarter,5:43.0,Jamaal Magloire,MIL,False,2-pointer,3,72-73,'MIL',trails
953,953,953,200602040MIL,24.0,5.0,4th quarter,4:48.0,Jamaal Magloire,MIL,True,2-pointer,0,74-73,'MIL',leads
954,954,954,200602040MIL,9.9,26.5,4th quarter,4:01.0,Michael Redd,MIL,False,3-pointer,26,74-73,'MIL',leads
955,955,955,200602040MIL,9.2,14.2,4th quarter,3:23.0,Michael Redd,MIL,False,2-pointer,17,76-73,'MIL',leads
956,956,956,200602040MIL,24.0,5.0,4th quarter,2:02.0,T.J. Ford,MIL,True,2-pointer,0,80-73,'MIL',leads
957,957,957,200602040MIL,24.0,5.0,4th quarter,0:50.9,T.J. Ford,MIL,False,2-pointer,0,83-75,'MIL',leads
958,958,958,200602040MIL,23.2,31.8,4th quarter,0:45.9,Michael Redd,MIL,False,3-pointer,27,83-75,'MIL',leads
959,959,959,200602040NJN,18.4,22.8,1st quarter,11:08.0,Gary Payton,MIA,False,2-pointer,19,0-2,'MIA',trails
960,960,960,200602040NJN,8.6,5.7,1st quarter,10:51.0,Dwyane Wade,MIA,True,2-pointer,15,2-2,'MIA',tied
961,961,961,200602040NJN,39.4,14.7,1st quarter,9:33.0,Dwyane Wade,MIA,True,2-pointer,18,4-6,'MIA',trails
962,962,962,200602040NJN,26.1,23.4,1st quarter,8:57.0,Dwyane Wade,MIA,False,2-pointer,19,4-8,'MIA',trails
963,963,963,200602040NJN,10.2,25.4,1st quarter,8:34.0,James Posey,MIA,False,3-pointer,25,4-8,'MIA',trails
964,964,964,200602040NJN,15.3,4.7,1st quarter,8:03.0,Shaquille O'Neal,MIA,False,2-pointer,9,4-10,'MIA',trails
965,965,965,200602040NJN,24.0,5.0,1st quarter,7:30.0,Dwyane Wade,MIA,False,2-pointer,0,4-10,'MIA',trails
966,966,966,200602040NJN,37.8,16.7,1st quarter,7:06.0,Wayne Simien,MIA,True,2-pointer,18,6-12,'MIA',trails
967,967,967,200602040NJN,24.0,5.0,1st quarter,6:08.0,Shaquille O'Neal,MIA,False,2-pointer,0,7-16,'MIA',trails
968,968,968,200602040NJN,24.0,5.0,1st quarter,5:35.0,Shaquille O'Neal,MIA,True,2-pointer,0,9-18,'MIA',trails
969,969,969,200602040NJN,1.7,4.2,1st quarter,4:54.0,Antoine Walker,MIA,True,3-pointer,22,12-18,'MIA',trails
970,970,970,200602040NJN,35.2,28.5,1st quarter,4:22.0,Jason Williams,MIA,False,3-pointer,26,12-20,'MIA',trails
971,971,971,200602040NJN,24.0,5.0,1st quarter,4:00.0,Alonzo Mourning,MIA,True,2-pointer,0,14-23,'MIA',trails
972,972,972,200602040NJN,24.0,5.0,1st quarter,2:57.0,Jason Williams,MIA,False,2-pointer,0,14-27,'MIA',trails
973,973,973,200602040NJN,24.0,5.0,1st quarter,2:37.0,Antoine Walker,MIA,True,2-pointer,0,16-27,'MIA',trails
974,974,974,200602040NJN,26.4,9.8,1st quarter,2:04.0,Dwyane Wade,MIA,False,2-pointer,5,16-29,'MIA',trails
975,975,975,200602040NJN,24.0,5.0,1st quarter,2:02.0,Alonzo Mourning,MIA,True,2-pointer,0,18-29,'MIA',trails
976,976,976,200602040NJN,20.4,8.1,1st quarter,1:33.0,Dwyane Wade,MIA,True,2-pointer,5,20-29,'MIA',trails
977,977,977,200602040NJN,8.6,5.2,1st quarter,0:57.9,Dwyane Wade,MIA,False,2-pointer,15,20-31,'MIA',trails
978,978,978,200602040NJN,24.0,5.0,1st quarter,0:20.9,Alonzo Mourning,MIA,True,2-pointer,0,24-33,'MIA',trails
979,979,979,200602040NJN,1.3,3.4,2nd quarter,11:36.0,Gary Payton,MIA,False,3-pointer,23,24-33,'MIA',trails
980,980,980,200602040NJN,3.5,17.2,2nd quarter,11:26.0,Antoine Walker,MIA,False,3-pointer,24,24-33,'MIA',trails
981,981,981,200602040NJN,25.8,9.5,2nd quarter,10:53.0,Dwyane Wade,MIA,True,2-pointer,5,26-33,'MIA',trails
982,982,982,200602040NJN,24.0,5.0,2nd quarter,9:39.0,Shaquille O'Neal,MIA,True,2-pointer,0,29-35,'MIA',trails
983,983,983,200602040NJN,24.0,5.0,2nd quarter,9:02.0,Shaquille O'Neal,MIA,False,2-pointer,0,29-35,'MIA',trails
984,984,984,200602040NJN,23.2,11.4,2nd quarter,8:03.0,Shaquille O'Neal,MIA,False,2-pointer,6,31-39,'MIA',trails
985,985,985,200602040NJN,11.4,19.6,2nd quarter,7:33.0,Antoine Walker,MIA,False,2-pointer,19,31-39,'MIA',trails
986,986,986,200602040NJN,24.0,5.0,2nd quarter,7:11.0,Jason Williams,MIA,False,2-pointer,0,31-42,'MIA',trails
987,987,987,200602040NJN,27.8,30.2,2nd quarter,6:43.0,James Posey,MIA,False,3-pointer,25,31-42,'MIA',trails
988,988,988,200602040NJN,9.4,6.0,2nd quarter,5:51.0,Antoine Walker,MIA,False,2-pointer,15,33-44,'MIA',trails
989,989,989,200602040NJN,47.3,4.5,2nd quarter,4:45.0,Antoine Walker,MIA,False,3-pointer,23,34-50,'MIA',trails
990,990,990,200602040NJN,24.5,10.3,2nd quarter,3:45.0,Alonzo Mourning,MIA,True,2-pointer,5,39-52,'MIA',trails
991,991,991,200602040NJN,24.0,5.0,2nd quarter,3:20.0,Dwyane Wade,MIA,False,2-pointer,0,39-52,'MIA',trails
992,992,992,200602040NJN,14.8,5.5,2nd quarter,3:12.0,Dwyane Wade,MIA,True,2-pointer,9,41-52,'MIA',trails
993,993,993,200602040NJN,24.0,5.0,2nd quarter,2:37.0,Dwyane Wade,MIA,False,2-pointer,0,41-52,'MIA',trails
994,994,994,200602040NJN,24.0,5.0,2nd quarter,2:34.0,Alonzo Mourning,MIA,True,2-pointer,0,43-52,'MIA',trails
995,995,995,200602040NJN,16.3,28.3,2nd quarter,1:47.0,Gary Payton,MIA,False,3-pointer,25,43-52,'MIA',trails
996,996,996,200602040NJN,37.8,27.2,2nd quarter,1:17.0,James Posey,MIA,True,3-pointer,26,48-52,'MIA',trails
997,997,997,200602040NJN,24.0,5.0,2nd quarter,0:58.4,Dwyane Wade,MIA,True,2-pointer,0,50-52,'MIA',trails
998,998,998,200602040NJN,16.0,29.3,2nd quarter,0:01.1,Dwyane Wade,MIA,False,3-pointer,26,51-55,'MIA',trails
999,999,999,200602040NJN,23.8,17.2,3rd quarter,11:41.0,Wayne Simien,MIA,True,2-pointer,12,53-55,'MIA',trails
1000,1000,1000,200602040NJN,24.0,5.0,3rd quarter,10:58.0,Shaquille O'Neal,MIA,False,2-pointer,0,53-55,'MIA',trails
1001,1001,1001,200602040NJN,24.0,5.0,3rd quarter,10:31.0,Dwyane Wade,MIA,True,2-pointer,0,55-58,'MIA',trails
1002,1002,1002,200602040NJN,39.9,24.7,3rd quarter,10:00.0,James Posey,MIA,True,3-pointer,25,58-58,'MIA',tied
1003,1003,1003,200602040NJN,21.5,12.1,3rd quarter,9:28.0,Shaquille O'Neal,MIA,False,2-pointer,8,58-60,'MIA',trails
1004,1004,1004,200602040NJN,24.0,5.0,3rd quarter,8:46.0,Dwyane Wade,MIA,False,2-pointer,0,58-62,'MIA',trails
1005,1005,1005,200602040NJN,24.0,5.0,3rd quarter,8:32.0,Dwyane Wade,MIA,False,2-pointer,0,58-64,'MIA',trails
1006,1006,1006,200602040NJN,31.5,28.7,3rd quarter,8:22.0,Gary Payton,MIA,False,3-pointer,25,58-64,'MIA',trails
1007,1007,1007,200602040NJN,34.0,6.2,3rd quarter,7:51.0,Shaquille O'Neal,MIA,False,2-pointer,10,58-67,'MIA',trails
1008,1008,1008,200602040NJN,15.8,17.5,3rd quarter,7:03.0,Wayne Simien,MIA,False,2-pointer,15,58-69,'MIA',trails
1009,1009,1009,200602040NJN,40.7,12.1,3rd quarter,6:47.0,Dwyane Wade,MIA,True,2-pointer,18,60-69,'MIA',trails
1010,1010,1010,200602040NJN,1.8,4.5,3rd quarter,6:08.0,Gary Payton,MIA,False,3-pointer,22,60-71,'MIA',trails
1011,1011,1011,200602040NJN,40.7,11.8,3rd quarter,5:15.0,Dwyane Wade,MIA,False,2-pointer,18,62-71,'MIA',trails
1012,1012,1012,200602040NJN,30.7,30.2,3rd quarter,3:40.0,James Posey,MIA,False,3-pointer,26,62-74,'MIA',trails
1013,1013,1013,200602040NJN,22.0,12.6,3rd quarter,3:14.0,Jason Williams,MIA,False,2-pointer,8,62-74,'MIA',trails
1014,1014,1014,200602040NJN,17.3,9.3,3rd quarter,2:00.0,Alonzo Mourning,MIA,False,2-pointer,8,63-77,'MIA',trails
1015,1015,1015,200602040NJN,16.9,28.8,3rd quarter,1:21.0,James Posey,MIA,False,3-pointer,25,63-77,'MIA',trails
1016,1016,1016,200602040NJN,11.7,9.3,3rd quarter,1:07.0,Dwyane Wade,MIA,True,2-pointer,13,65-77,'MIA',trails
1017,1017,1017,200602040NJN,15.0,15.9,3rd quarter,0:38.5,Dwyane Wade,MIA,True,2-pointer,14,67-77,'MIA',trails
1018,1018,1018,200602040NJN,39.1,26.2,3rd quarter,0:01.9,Jason Williams,MIA,True,3-pointer,26,70-77,'MIA',trails
1019,1019,1019,200602040NJN,2.0,4.4,4th quarter,11:27.0,James Posey,MIA,False,3-pointer,22,70-77,'MIA',trails
1020,1020,1020,200602040NJN,14.5,27.9,4th quarter,11:22.0,Antoine Walker,MIA,True,3-pointer,25,73-77,'MIA',trails
1021,1021,1021,200602040NJN,1.5,3.7,4th quarter,10:11.0,Antoine Walker,MIA,True,3-pointer,23,76-81,'MIA',trails
1022,1022,1022,200602040NJN,23.0,12.1,4th quarter,9:40.0,Antoine Walker,MIA,True,2-pointer,7,78-82,'MIA',trails
1023,1023,1023,200602040NJN,8.7,24.6,4th quarter,9:05.0,Jason Williams,MIA,False,3-pointer,25,78-82,'MIA',trails
1024,1024,1024,200602040NJN,24.0,5.0,4th quarter,9:01.0,Antoine Walker,MIA,False,2-pointer,0,78-82,'MIA',trails
1025,1025,1025,200602040NJN,1.3,3.9,4th quarter,8:49.0,Gary Payton,MIA,False,3-pointer,23,78-82,'MIA',trails
1026,1026,1026,200602040NJN,24.0,5.0,4th quarter,8:03.0,Shaquille O'Neal,MIA,True,2-pointer,0,80-84,'MIA',trails
1027,1027,1027,200602040NJN,23.8,11.6,4th quarter,7:30.0,Shaquille O'Neal,MIA,True,2-pointer,7,83-84,'MIA',trails
1028,1028,1028,200602040NJN,12.8,6.0,4th quarter,5:58.0,Shaquille O'Neal,MIA,False,2-pointer,11,83-87,'MIA',trails
1029,1029,1029,200602040NJN,24.0,5.0,4th quarter,5:22.0,Antoine Walker,MIA,False,2-pointer,0,83-89,'MIA',trails
1030,1030,1030,200602040NJN,29.7,25.1,4th quarter,4:29.0,Dwyane Wade,MIA,True,2-pointer,21,85-89,'MIA',trails
1031,1031,1031,200602040NJN,1.5,3.9,4th quarter,3:03.0,Antoine Walker,MIA,False,3-pointer,23,87-94,'MIA',trails
1032,1032,1032,200602040NJN,44.9,4.7,4th quarter,2:32.0,Jason Williams,MIA,False,2-pointer,21,87-96,'MIA',trails
1033,1033,1033,200602040NJN,23.0,13.6,4th quarter,1:40.0,Antoine Walker,MIA,True,2-pointer,9,92-101,'MIA',trails
1034,1034,1034,200602040NJN,35.2,28.0,4th quarter,1:07.0,Antoine Walker,MIA,False,3-pointer,26,92-101,'MIA',trails
1035,1035,1035,200602040NJN,34.0,23.9,4th quarter,0:54.9,Dorell Wright,MIA,False,2-pointer,21,92-104,'MIA',trails
1036,1036,1036,200602040NJN,9.2,4.7,1st quarter,11:46.0,Jason Collins,NJN,False,2-pointer,15,0-0,'MIA',tied
1037,1037,1037,200602040NJN,9.2,9.8,1st quarter,11:19.0,Clifford Robinson,NJN,True,2-pointer,16,2-0,'MIA',leads
1038,1038,1038,200602040NJN,46.8,16.2,1st quarter,10:58.0,Vince Carter,NJN,False,3-pointer,25,2-0,'MIA',leads
1039,1039,1039,200602040NJN,20.6,8.5,1st quarter,10:35.0,Clifford Robinson,NJN,False,2-pointer,5,2-2,'MIA',tied
1040,1040,1040,200602040NJN,24.0,5.0,1st quarter,10:14.0,Vince Carter,NJN,True,2-pointer,0,4-2,'MIA',leads
1041,1041,1041,200602040NJN,40.4,6.3,1st quarter,9:49.0,Richard Jefferson,NJN,True,2-pointer,16,6-2,'MIA',leads
1042,1042,1042,200602040NJN,16.5,10.3,1st quarter,9:19.0,Vince Carter,NJN,True,2-pointer,9,8-4,'MIA',leads
1043,1043,1043,200602040NJN,15.0,5.3,1st quarter,8:47.0,Vince Carter,NJN,False,2-pointer,9,8-4,'MIA',leads
1044,1044,1044,200602040NJN,24.0,5.0,1st quarter,8:26.0,Richard Jefferson,NJN,True,2-pointer,0,10-4,'MIA',leads
1045,1045,1045,200602040NJN,15.8,7.0,1st quarter,7:50.0,Vince Carter,NJN,False,2-pointer,8,10-4,'MIA',leads
1046,1046,1046,200602040NJN,10.2,14.9,1st quarter,7:18.0,Jason Kidd,NJN,True,2-pointer,17,12-4,'MIA',leads
1047,1047,1047,200602040NJN,40.3,5.5,1st quarter,6:49.0,Clifford Robinson,NJN,True,2-pointer,16,14-7,'MIA',leads
1048,1048,1048,200602040NJN,24.0,5.0,1st quarter,5:56.0,Richard Jefferson,NJN,True,2-pointer,0,18-7,'MIA',leads
1049,1049,1049,200602040NJN,24.0,5.0,1st quarter,4:16.0,Vince Carter,NJN,True,2-pointer,0,22-12,'MIA',leads
1050,1050,1050,200602040NJN,5.1,4.7,1st quarter,3:41.0,Clifford Robinson,NJN,True,2-pointer,19,25-14,'MIA',leads
1051,1051,1051,200602040NJN,28.9,8.5,1st quarter,3:11.0,Vince Carter,NJN,True,2-pointer,6,27-14,'MIA',leads
1052,1052,1052,200602040NJN,8.6,4.9,1st quarter,1:13.0,Clifford Robinson,NJN,True,2-pointer,15,31-20,'MIA',leads
1053,1053,1053,200602040NJN,24.0,5.0,1st quarter,0:33.8,Vince Carter,NJN,True,2-pointer,0,33-22,'MIA',leads
1054,1054,1054,200602040NJN,32.5,22.9,1st quarter,0:00.8,Marc Jackson,NJN,False,2-pointer,20,33-24,'MIA',leads
1055,1055,1055,200602040NJN,26.3,15.5,2nd quarter,11:06.0,Vince Carter,NJN,False,2-pointer,11,33-24,'MIA',leads
1056,1056,1056,200602040NJN,20.7,10.6,2nd quarter,10:31.0,Marc Jackson,NJN,False,2-pointer,7,33-26,'MIA',leads
1057,1057,1057,200602040NJN,32.2,21.8,2nd quarter,10:03.0,Antoine Wright,NJN,True,2-pointer,19,35-27,'MIA',leads
1058,1058,1058,200602040NJN,25.1,25.2,2nd quarter,9:22.0,Jason Kidd,NJN,False,2-pointer,20,35-29,'MIA',leads
1059,1059,1059,200602040NJN,24.0,5.0,2nd quarter,8:48.0,Richard Jefferson,NJN,True,2-pointer,0,37-29,'MIA',leads
1060,1060,1060,200602040NJN,24.0,5.0,2nd quarter,8:21.0,Richard Jefferson,NJN,True,2-pointer,0,39-31,'MIA',leads
1061,1061,1061,200602040NJN,24.0,5.0,2nd quarter,7:46.0,Richard Jefferson,NJN,False,2-pointer,0,39-31,'MIA',leads
1062,1062,1062,200602040NJN,39.8,24.9,2nd quarter,7:26.0,Scott Padgett,NJN,True,3-pointer,25,42-31,'MIA',leads
1063,1063,1063,200602040NJN,21.4,30.3,2nd quarter,6:36.0,Vince Carter,NJN,False,3-pointer,25,42-31,'MIA',leads
1064,1064,1064,200602040NJN,41.4,5.0,2nd quarter,6:12.0,Richard Jefferson,NJN,True,2-pointer,17,44-33,'MIA',leads
1065,1065,1065,200602040NJN,7.2,24.1,2nd quarter,5:43.0,Clifford Robinson,NJN,True,3-pointer,25,47-33,'MIA',leads
1066,1066,1066,200602040NJN,13.3,28.7,2nd quarter,5:05.0,Clifford Robinson,NJN,True,3-pointer,26,50-34,'MIA',leads
1067,1067,1067,200602040NJN,34.7,28.5,2nd quarter,4:36.0,Clifford Robinson,NJN,False,3-pointer,26,50-34,'MIA',leads
1068,1068,1068,200602040NJN,33.5,8.6,2nd quarter,4:16.0,Vince Carter,NJN,True,2-pointer,10,52-36,'MIA',leads
1069,1069,1069,200602040NJN,28.4,29.8,2nd quarter,3:31.0,Scott Padgett,NJN,False,3-pointer,25,52-39,'MIA',leads
1070,1070,1070,200602040NJN,24.0,5.0,2nd quarter,2:50.0,Scott Padgett,NJN,False,2-pointer,0,52-41,'MIA',leads
1071,1071,1071,200602040NJN,24.0,5.0,2nd quarter,1:31.0,Richard Jefferson,NJN,False,2-pointer,0,52-45,'MIA',leads
1072,1072,1072,200602040NJN,48.1,5.2,2nd quarter,0:43.8,Jason Kidd,NJN,True,3-pointer,24,55-50,'MIA',leads
1073,1073,1073,200602040NJN,24.5,11.3,3rd quarter,11:17.0,Clifford Robinson,NJN,False,2-pointer,6,55-53,'MIA',leads
1074,1074,1074,200602040NJN,16.0,29.2,3rd quarter,10:48.0,Jason Kidd,NJN,True,3-pointer,25,58-53,'MIA',leads
1075,1075,1075,200602040NJN,9.7,14.9,3rd quarter,10:06.0,Vince Carter,NJN,False,2-pointer,17,58-55,'MIA',leads
1076,1076,1076,200602040NJN,24.0,5.0,3rd quarter,9:44.0,Richard Jefferson,NJN,True,2-pointer,0,60-58,'MIA',leads
1077,1077,1077,200602040NJN,24.3,21.8,3rd quarter,9:09.0,Richard Jefferson,NJN,True,2-pointer,17,62-58,'MIA',leads
1078,1078,1078,200602040NJN,47.3,15.7,3rd quarter,8:39.0,Jason Kidd,NJN,False,3-pointer,26,62-58,'MIA',leads
1079,1079,1079,200602040NJN,24.0,5.0,3rd quarter,8:37.0,Vince Carter,NJN,True,2-pointer,0,64-58,'MIA',leads
1080,1080,1080,200602040NJN,47.8,6.0,3rd quarter,8:12.0,Jason Kidd,NJN,True,3-pointer,24,67-58,'MIA',leads
1081,1081,1081,200602040NJN,9.2,7.2,3rd quarter,7:40.0,Clifford Robinson,NJN,False,2-pointer,15,67-58,'MIA',leads
1082,1082,1082,200602040NJN,24.0,5.0,3rd quarter,7:23.0,Richard Jefferson,NJN,True,2-pointer,0,69-58,'MIA',leads
1083,1083,1083,200602040NJN,25.6,23.1,3rd quarter,6:29.0,Vince Carter,NJN,True,2-pointer,18,71-60,'MIA',leads
1084,1084,1084,200602040NJN,24.0,5.0,3rd quarter,6:01.0,Jason Kidd,NJN,False,2-pointer,0,71-60,'MIA',leads
1085,1085,1085,200602040NJN,25.3,30.0,3rd quarter,5:43.0,Vince Carter,NJN,False,3-pointer,25,71-62,'MIA',leads
1086,1086,1086,200602040NJN,45.3,3.4,3rd quarter,5:34.0,Jason Kidd,NJN,False,2-pointer,21,71-62,'MIA',leads
1087,1087,1087,200602040NJN,24.0,5.0,3rd quarter,4:23.0,Jason Collins,NJN,True,2-pointer,0,74-62,'MIA',leads
1088,1088,1088,200602040NJN,30.4,6.5,3rd quarter,3:53.0,Vince Carter,NJN,False,2-pointer,7,74-62,'MIA',leads
1089,1089,1089,200602040NJN,24.0,5.0,3rd quarter,2:51.0,Clifford Robinson,NJN,False,2-pointer,0,74-62,'MIA',leads
1090,1090,1090,200602040NJN,45.7,17.8,3rd quarter,2:31.0,Clifford Robinson,NJN,True,3-pointer,25,77-62,'MIA',leads
1091,1091,1091,200602040NJN,42.1,27.0,3rd quarter,1:38.0,Jason Kidd,NJN,False,3-pointer,28,77-63,'MIA',leads
1092,1092,1092,200602040NJN,24.0,5.0,3rd quarter,0:52.9,Richard Jefferson,NJN,False,2-pointer,0,77-65,'MIA',leads
1093,1093,1093,200602040NJN,26.6,12.2,3rd quarter,0:22.9,Richard Jefferson,NJN,False,2-pointer,8,77-67,'MIA',leads
1094,1094,1094,200602040NJN,34.2,27.9,4th quarter,11:46.0,Scott Padgett,NJN,False,3-pointer,25,77-70,'MIA',leads
1095,1095,1095,200602040NJN,19.6,24.1,4th quarter,11:02.0,Jacque Vaughn,NJN,True,2-pointer,20,79-73,'MIA',leads
1096,1096,1096,200602040NJN,12.5,20.0,4th quarter,10:31.0,Jacque Vaughn,NJN,True,2-pointer,19,81-73,'MIA',leads
1097,1097,1097,200602040NJN,47.6,7.6,4th quarter,8:26.0,Scott Padgett,NJN,False,3-pointer,24,82-78,'MIA',leads
1098,1098,1098,200602040NJN,24.0,5.0,4th quarter,8:24.0,Richard Jefferson,NJN,True,2-pointer,0,84-78,'MIA',leads
1099,1099,1099,200602040NJN,34.0,20.1,4th quarter,7:49.0,Vince Carter,NJN,False,2-pointer,18,84-81,'MIA',leads
1100,1100,1100,200602040NJN,35.0,21.4,4th quarter,7:10.0,Vince Carter,NJN,False,2-pointer,20,84-83,'MIA',leads
1101,1101,1101,200602040NJN,38.1,26.0,4th quarter,6:30.0,Richard Jefferson,NJN,False,3-pointer,25,84-83,'MIA',leads
1102,1102,1102,200602040NJN,24.0,5.0,4th quarter,6:13.0,Clifford Robinson,NJN,True,2-pointer,0,86-83,'MIA',leads
1103,1103,1103,200602040NJN,34.7,8.8,4th quarter,5:40.0,Jason Kidd,NJN,True,2-pointer,11,89-83,'MIA',leads
1104,1104,1104,200602040NJN,47.6,8.0,4th quarter,4:48.0,Clifford Robinson,NJN,False,3-pointer,24,89-83,'MIA',leads
1105,1105,1105,200602040NJN,24.0,5.0,4th quarter,4:10.0,Vince Carter,NJN,True,2-pointer,0,91-85,'MIA',leads
1106,1106,1106,200602040NJN,32.4,9.8,4th quarter,3:35.0,Vince Carter,NJN,False,2-pointer,10,91-87,'MIA',leads
1107,1107,1107,200602040NJN,15.5,29.7,4th quarter,3:27.0,Clifford Robinson,NJN,True,3-pointer,26,94-87,'MIA',leads
1108,1108,1108,200602040NJN,24.0,5.0,4th quarter,2:49.0,Vince Carter,NJN,False,2-pointer,0,94-87,'MIA',leads
1109,1109,1109,200602040NJN,45.2,4.4,4th quarter,2:44.0,Vince Carter,NJN,True,2-pointer,21,96-87,'MIA',leads
1110,1110,1110,200602040NJN,35.7,6.2,4th quarter,2:13.0,Vince Carter,NJN,True,2-pointer,12,98-88,'MIA',leads
1111,1111,1111,200602040NJN,39.4,24.9,4th quarter,1:44.0,Jason Kidd,NJN,True,3-pointer,25,101-90,'MIA',leads
1112,1112,1112,200602040NJN,33.5,33.8,4th quarter,1:17.0,Vince Carter,NJN,False,3-pointer,30,101-92,'MIA',leads
1113,1113,1113,200602040NJN,24.0,5.0,4th quarter,1:03.0,Richard Jefferson,NJN,True,2-pointer,0,103-92,'MIA',leads
1114,1114,1114,200602040NOK,12.5,20.5,1st quarter,11:19.0,Brian Cook,LAL,True,2-pointer,19,2-2,'LAL',tied
1115,1115,1115,200602040NOK,7.2,12.2,1st quarter,10:41.0,Brian Cook,LAL,True,2-pointer,18,4-4,'LAL',tied
1116,1116,1116,200602040NOK,7.1,23.1,1st quarter,10:15.0,Sasha Vujačić,LAL,False,3-pointer,25,4-7,'LAL',trails
1117,1117,1117,200602040NOK,38.8,6.0,1st quarter,10:09.0,Kobe Bryant,LAL,False,2-pointer,15,4-7,'LAL',trails
1118,1118,1118,200602040NOK,38.6,12.9,1st quarter,9:29.0,Kobe Bryant,LAL,False,2-pointer,17,4-9,'LAL',trails
1119,1119,1119,200602040NOK,40.4,23.4,1st quarter,9:25.0,Kobe Bryant,LAL,True,3-pointer,25,7-9,'LAL',trails
1120,1120,1120,200602040NOK,40.1,8.0,1st quarter,8:56.0,Kobe Bryant,LAL,True,2-pointer,16,9-11,'LAL',trails
1121,1121,1121,200602040NOK,32.9,11.8,1st quarter,8:17.0,Kobe Bryant,LAL,True,2-pointer,11,11-11,'LAL',tied
1122,1122,1122,200602040NOK,7.4,12.1,1st quarter,7:36.0,Smush Parker,LAL,False,2-pointer,18,11-11,'LAL',tied
1123,1123,1123,200602040NOK,36.1,6.2,1st quarter,6:57.0,Kwame Brown,LAL,False,2-pointer,12,11-13,'LAL',trails
1124,1124,1124,200602040NOK,10.5,14.4,1st quarter,6:29.0,Kobe Bryant,LAL,True,2-pointer,16,13-15,'LAL',trails
1125,1125,1125,200602040NOK,11.2,25.7,1st quarter,5:54.0,Kobe Bryant,LAL,True,3-pointer,24,16-17,'LAL',trails
1126,1126,1126,200602040NOK,5.9,23.6,1st quarter,5:22.0,Smush Parker,LAL,False,3-pointer,26,16-18,'LAL',trails
1127,1127,1127,200602040NOK,40.6,22.8,1st quarter,4:51.0,Kobe Bryant,LAL,True,3-pointer,24,19-20,'LAL',trails
1128,1128,1128,200602040NOK,36.3,22.6,1st quarter,4:16.0,Sasha Vujačić,LAL,False,2-pointer,21,19-22,'LAL',trails
1129,1129,1129,200602040NOK,4.9,20.3,1st quarter,4:00.0,Kobe Bryant,LAL,False,3-pointer,24,19-22,'LAL',trails
1130,1130,1130,200602040NOK,6.8,16.7,1st quarter,3:29.0,Brian Cook,LAL,False,2-pointer,21,19-22,'LAL',trails
1131,1131,1131,200602040NOK,18.4,28.8,1st quarter,2:56.0,Sasha Vujačić,LAL,False,3-pointer,24,19-25,'LAL',trails
1132,1132,1132,200602040NOK,6.8,23.1,1st quarter,2:28.0,Kobe Bryant,LAL,False,3-pointer,25,19-27,'LAL',trails
1133,1133,1133,200602040NOK,24.8,29.3,1st quarter,1:34.0,Smush Parker,LAL,True,3-pointer,24,22-27,'LAL',trails
1134,1134,1134,200602040NOK,24.0,5.0,1st quarter,1:13.0,Kobe Bryant,LAL,True,2-pointer,0,24-27,'LAL',trails
1135,1135,1135,200602040NOK,8.7,12.2,1st quarter,0:40.9,Kobe Bryant,LAL,False,2-pointer,17,24-29,'LAL',trails
1136,1136,1136,200602040NOK,24.0,5.0,1st quarter,0:36.9,Kwame Brown,LAL,False,2-pointer,0,24-29,'LAL',trails
1137,1137,1137,200602040NOK,38.4,10.4,1st quarter,0:00.8,Kobe Bryant,LAL,True,2-pointer,15,26-29,'LAL',trails
1138,1138,1138,200602040NOK,24.0,5.0,2nd quarter,11:49.0,Andrew Bynum,LAL,False,2-pointer,0,26-29,'LAL',trails
1139,1139,1139,200602040NOK,34.3,17.2,2nd quarter,11:19.0,Devean George,LAL,True,2-pointer,16,28-31,'LAL',trails
1140,1140,1140,200602040NOK,28.3,9.9,2nd quarter,10:46.0,Devean George,LAL,False,2-pointer,7,28-34,'LAL',trails
1141,1141,1141,200602040NOK,38.1,11.3,2nd quarter,8:58.0,Smush Parker,LAL,False,2-pointer,15,28-38,'LAL',trails
1142,1142,1142,200602040NOK,13.8,10.1,2nd quarter,8:46.0,Luke Walton,LAL,False,2-pointer,11,28-38,'LAL',trails
1143,1143,1143,200602040NOK,5.3,21.4,2nd quarter,8:14.0,Kobe Bryant,LAL,False,3-pointer,25,28-40,'LAL',trails
1144,1144,1144,200602040NOK,34.3,27.0,2nd quarter,8:09.0,Sasha Vujačić,LAL,True,3-pointer,24,31-40,'LAL',trails
1145,1145,1145,200602040NOK,23.8,11.8,2nd quarter,7:31.0,Kobe Bryant,LAL,False,2-pointer,7,31-40,'LAL',trails
1146,1146,1146,200602040NOK,7.7,24.2,2nd quarter,7:23.0,Devean George,LAL,True,3-pointer,25,34-40,'LAL',trails
1147,1147,1147,200602040NOK,36.3,27.7,2nd quarter,6:55.0,Sasha Vujačić,LAL,False,3-pointer,26,34-40,'LAL',trails
1148,1148,1148,200602040NOK,23.8,9.5,2nd quarter,6:25.0,Luke Walton,LAL,False,2-pointer,5,34-40,'LAL',trails
1149,1149,1149,200602040NOK,34.0,27.4,2nd quarter,5:41.0,Devean George,LAL,True,3-pointer,25,37-42,'LAL',trails
1150,1150,1150,200602040NOK,24.0,5.0,2nd quarter,5:01.0,Sasha Vujačić,LAL,True,2-pointer,0,39-42,'LAL',trails
1151,1151,1151,200602040NOK,24.0,5.0,2nd quarter,4:42.0,Devean George,LAL,True,2-pointer,0,41-42,'LAL',trails
1152,1152,1152,200602040NOK,47.0,6.0,2nd quarter,3:37.0,Devean George,LAL,False,3-pointer,23,41-45,'LAL',trails
1153,1153,1153,200602040NOK,37.1,10.4,2nd quarter,3:02.0,Devean George,LAL,False,2-pointer,14,41-47,'LAL',trails
1154,1154,1154,200602040NOK,37.1,10.4,2nd quarter,2:32.0,Kobe Bryant,LAL,False,2-pointer,14,41-49,'LAL',trails
1155,1155,1155,200602040NOK,38.6,10.4,2nd quarter,1:27.0,Brian Cook,LAL,False,2-pointer,16,41-53,'LAL',trails
1156,1156,1156,200602040NOK,0.5,4.7,2nd quarter,0:41.9,Devean George,LAL,False,3-pointer,24,41-56,'LAL',trails
1157,1157,1157,200602040NOK,39.8,25.2,2nd quarter,0:00.1,Kobe Bryant,LAL,True,3-pointer,26,46-58,'LAL',trails
1158,1158,1158,200602040NOK,6.4,9.5,3rd quarter,11:50.0,Brian Cook,LAL,True,2-pointer,18,48-58,'LAL',trails
1159,1159,1159,200602040NOK,24.0,5.0,3rd quarter,11:12.0,Smush Parker,LAL,False,2-pointer,0,48-58,'LAL',trails
1160,1160,1160,200602040NOK,22.7,28.8,3rd quarter,11:08.0,Sasha Vujačić,LAL,False,3-pointer,24,48-58,'LAL',trails
1161,1161,1161,200602040NOK,24.0,5.0,3rd quarter,11:04.0,Kwame Brown,LAL,True,2-pointer,0,50-58,'LAL',trails
1162,1162,1162,200602040NOK,4.0,20.3,3rd quarter,10:28.0,Kobe Bryant,LAL,False,3-pointer,25,50-58,'LAL',trails
1163,1163,1163,200602040NOK,38.0,20.5,3rd quarter,9:53.0,Brian Cook,LAL,True,2-pointer,21,52-60,'LAL',trails
1164,1164,1164,200602040NOK,19.2,29.8,3rd quarter,9:01.0,Brian Cook,LAL,True,3-pointer,25,55-62,'LAL',trails
1165,1165,1165,200602040NOK,37.5,24.7,3rd quarter,7:57.0,Sasha Vujačić,LAL,False,3-pointer,24,55-62,'LAL',trails
1166,1166,1166,200602040NOK,24.0,5.0,3rd quarter,7:42.0,Kobe Bryant,LAL,True,2-pointer,0,57-62,'LAL',trails
1167,1167,1167,200602040NOK,10.0,15.2,3rd quarter,7:03.0,Brian Cook,LAL,False,2-pointer,17,57-64,'LAL',trails
1168,1168,1168,200602040NOK,23.0,9.8,3rd quarter,6:34.0,Kwame Brown,LAL,False,2-pointer,5,57-66,'LAL',trails
1169,1169,1169,200602040NOK,17.8,28.7,3rd quarter,6:15.0,Smush Parker,LAL,False,3-pointer,25,57-66,'LAL',trails
1170,1170,1170,200602040NOK,24.0,5.0,3rd quarter,6:06.0,Brian Cook,LAL,True,2-pointer,0,59-66,'LAL',trails
1171,1171,1171,200602040NOK,24.0,5.0,3rd quarter,5:20.0,Kobe Bryant,LAL,True,2-pointer,0,61-68,'LAL',trails
1172,1172,1172,200602040NOK,38.3,24.7,3rd quarter,4:41.0,Sasha Vujačić,LAL,False,3-pointer,24,62-69,'LAL',trails
1173,1173,1173,200602040NOK,12.5,28.0,3rd quarter,3:27.0,Smush Parker,LAL,False,3-pointer,26,62-74,'LAL',trails
1174,1174,1174,200602040NOK,24.0,5.0,3rd quarter,2:27.0,Kwame Brown,LAL,True,2-pointer,0,64-78,'LAL',trails
1175,1175,1175,200602040NOK,39.9,24.1,3rd quarter,2:08.0,Kobe Bryant,LAL,True,3-pointer,25,68-78,'LAL',trails
1176,1176,1176,200602040NOK,0.7,3.4,3rd quarter,1:42.0,Devean George,LAL,False,3-pointer,23,68-78,'LAL',trails
1177,1177,1177,200602040NOK,38.0,25.4,3rd quarter,0:55.9,Kobe Bryant,LAL,False,3-pointer,25,68-78,'LAL',trails
1178,1178,1178,200602040NOK,24.0,5.0,3rd quarter,0:38.9,Brian Cook,LAL,False,2-pointer,0,68-80,'LAL',trails
1179,1179,1179,200602040NOK,1.5,4.7,3rd quarter,0:06.9,Devean George,LAL,False,3-pointer,23,68-81,'LAL',trails
1180,1180,1180,200602040NOK,39.1,12.6,4th quarter,11:26.0,Devean George,LAL,True,2-pointer,17,71-83,'LAL',trails
1181,1181,1181,200602040NOK,21.5,8.3,4th quarter,10:40.0,Andrew Bynum,LAL,False,2-pointer,4,71-86,'LAL',trails
1182,1182,1182,200602040NOK,24.0,5.0,4th quarter,10:35.0,Luke Walton,LAL,False,2-pointer,0,71-86,'LAL',trails
1183,1183,1183,200602040NOK,23.0,29.8,4th quarter,9:23.0,Von Wafer,LAL,False,3-pointer,25,71-86,'LAL',trails
1184,1184,1184,200602040NOK,6.6,7.0,4th quarter,8:55.0,Luke Walton,LAL,False,2-pointer,18,71-88,'LAL',trails
1185,1185,1185,200602040NOK,24.0,5.0,4th quarter,7:44.0,Andrew Bynum,LAL,True,2-pointer,0,73-90,'LAL',trails
1186,1186,1186,200602040NOK,14.3,27.7,4th quarter,7:03.0,Devean George,LAL,True,3-pointer,25,76-92,'LAL',trails
1187,1187,1187,200602040NOK,37.5,17.2,4th quarter,6:33.0,Smush Parker,LAL,True,2-pointer,18,78-92,'LAL',trails
1188,1188,1188,200602040NOK,29.9,8.5,4th quarter,5:51.0,Andrew Bynum,LAL,False,2-pointer,7,78-94,'LAL',trails
1189,1189,1189,200602040NOK,23.8,29.7,4th quarter,5:26.0,Devean George,LAL,True,3-pointer,25,81-97,'LAL',trails
1190,1190,1190,200602040NOK,39.3,25.4,4th quarter,4:58.0,Devean George,LAL,False,3-pointer,26,81-97,'LAL',trails
1191,1191,1191,200602040NOK,24.0,5.0,4th quarter,4:54.0,Von Wafer,LAL,False,2-pointer,0,81-97,'LAL',trails
1192,1192,1192,200602040NOK,39.9,11.6,4th quarter,4:29.0,Luke Walton,LAL,True,2-pointer,17,83-97,'LAL',trails
1193,1193,1193,200602040NOK,41.2,24.9,4th quarter,3:32.0,Kobe Bryant,LAL,False,3-pointer,26,85-97,'LAL',trails
1194,1194,1194,200602040NOK,24.0,5.0,4th quarter,3:21.0,Kobe Bryant,LAL,False,2-pointer,0,85-97,'LAL',trails
1195,1195,1195,200602040NOK,39.9,7.3,4th quarter,3:09.0,Kobe Bryant,LAL,True,2-pointer,16,87-97,'LAL',trails
1196,1196,1196,200602040NOK,39.3,6.5,4th quarter,2:11.0,Kobe Bryant,LAL,False,2-pointer,15,87-99,'LAL',trails
1197,1197,1197,200602040NOK,37.6,26.2,4th quarter,1:02.0,Devean George,LAL,True,3-pointer,25,90-101,'LAL',trails
1198,1198,1198,200602040NOK,24.0,5.0,1st quarter,11:37.0,Kirk Snyder,NOK,True,2-pointer,0,2-0,'LAL',leads
1199,1199,1199,200602040NOK,24.0,5.0,1st quarter,11:01.0,Desmond Mason,NOK,True,2-pointer,0,4-2,'LAL',leads
1200,1200,1200,200602040NOK,24.0,5.0,1st quarter,10:28.0,Desmond Mason,NOK,True,2-pointer,0,6-4,'LAL',leads
1201,1201,1201,200602040NOK,20.9,22.1,1st quarter,9:52.0,P.J. Brown,NOK,True,2-pointer,17,9-4,'LAL',leads
1202,1202,1202,200602040NOK,20.2,11.3,1st quarter,8:33.0,Desmond Mason,NOK,False,2-pointer,7,11-9,'LAL',leads
1203,1203,1203,200602040NOK,7.9,8.6,1st quarter,8:08.0,David West,NOK,False,2-pointer,17,11-11,'LAL',tied
1204,1204,1204,200602040NOK,10.4,11.6,1st quarter,7:49.0,Kirk Snyder,NOK,False,2-pointer,15,11-11,'LAL',tied
1205,1205,1205,200602040NOK,33.8,11.1,1st quarter,7:29.0,Chris Paul,NOK,False,2-pointer,12,11-11,'LAL',tied
1206,1206,1206,200602040NOK,24.0,5.0,1st quarter,7:27.0,Kirk Snyder,NOK,True,2-pointer,0,13-11,'LAL',leads
1207,1207,1207,200602040NOK,24.0,5.0,1st quarter,6:46.0,Desmond Mason,NOK,True,2-pointer,0,15-11,'LAL',leads
1208,1208,1208,200602040NOK,23.5,23.9,1st quarter,6:10.0,P.J. Brown,NOK,True,2-pointer,19,17-13,'LAL',leads
1209,1209,1209,200602040NOK,38.1,8.8,1st quarter,5:12.0,David West,NOK,False,2-pointer,15,18-16,'LAL',leads
1210,1210,1210,200602040NOK,33.4,11.4,1st quarter,5:06.0,Desmond Mason,NOK,True,2-pointer,11,20-16,'LAL',leads
1211,1211,1211,200602040NOK,24.0,5.0,1st quarter,4:36.0,Desmond Mason,NOK,False,2-pointer,0,20-19,'LAL',leads
1212,1212,1212,200602040NOK,24.0,5.0,1st quarter,4:33.0,Aaron Williams,NOK,True,2-pointer,0,22-19,'LAL',leads
1213,1213,1213,200602040NOK,24.0,5.0,1st quarter,4:08.0,Speedy Claxton,NOK,False,2-pointer,0,22-19,'LAL',leads
1214,1214,1214,200602040NOK,26.9,8.5,1st quarter,3:51.0,David West,NOK,False,2-pointer,5,22-19,'LAL',leads
1215,1215,1215,200602040NOK,24.0,5.0,1st quarter,3:20.0,David West,NOK,True,2-pointer,0,24-19,'LAL',leads
1216,1216,1216,200602040NOK,23.0,10.1,1st quarter,1:53.0,Aaron Williams,NOK,False,2-pointer,5,27-19,'LAL',leads
1217,1217,1217,200602040NOK,37.5,8.3,1st quarter,0:24.9,Aaron Williams,NOK,False,2-pointer,14,29-24,'LAL',leads
1218,1218,1218,200602040NOK,37.5,12.1,2nd quarter,11:39.0,Rasual Butler,NOK,True,2-pointer,15,31-26,'LAL',leads
1219,1219,1219,200602040NOK,24.0,5.0,2nd quarter,10:59.0,Aaron Williams,NOK,True,2-pointer,0,33-28,'LAL',leads
1220,1220,1220,200602040NOK,8.2,14.4,2nd quarter,10:27.0,Speedy Claxton,NOK,True,2-pointer,18,36-28,'LAL',leads
1221,1221,1221,200602040NOK,24.8,11.1,2nd quarter,9:36.0,Speedy Claxton,NOK,True,2-pointer,6,38-28,'LAL',leads
1222,1222,1222,200602040NOK,24.0,5.0,2nd quarter,9:05.0,Speedy Claxton,NOK,False,2-pointer,0,38-28,'LAL',leads
1223,1223,1223,200602040NOK,24.0,5.0,2nd quarter,8:37.0,Kirk Snyder,NOK,True,2-pointer,0,40-28,'LAL',leads
1224,1224,1224,200602040NOK,24.0,23.1,2nd quarter,6:07.0,Speedy Claxton,NOK,True,2-pointer,18,42-34,'LAL',leads
1225,1225,1225,200602040NOK,24.0,5.0,2nd quarter,5:22.0,Kirk Snyder,NOK,False,2-pointer,0,42-37,'LAL',leads
1226,1226,1226,200602040NOK,24.0,5.0,2nd quarter,4:33.0,Desmond Mason,NOK,True,2-pointer,0,44-41,'LAL',leads
1227,1227,1227,200602040NOK,18.1,8.6,2nd quarter,3:58.0,Speedy Claxton,NOK,False,2-pointer,7,45-41,'LAL',leads
1228,1228,1228,200602040NOK,23.2,10.8,2nd quarter,3:26.0,Desmond Mason,NOK,False,2-pointer,6,45-41,'LAL',leads
1229,1229,1229,200602040NOK,24.0,5.0,2nd quarter,3:24.0,P.J. Brown,NOK,True,2-pointer,0,47-41,'LAL',leads
1230,1230,1230,200602040NOK,22.9,23.1,2nd quarter,2:50.0,P.J. Brown,NOK,True,2-pointer,18,49-41,'LAL',leads
1231,1231,1231,200602040NOK,21.7,22.8,2nd quarter,2:20.0,David West,NOK,True,2-pointer,18,51-41,'LAL',leads
1232,1232,1232,200602040NOK,24.0,5.0,2nd quarter,1:53.0,David West,NOK,True,2-pointer,0,53-41,'LAL',leads
1233,1233,1233,200602040NOK,24.0,5.0,2nd quarter,1:20.0,Chris Paul,NOK,False,2-pointer,0,53-41,'LAL',leads
1234,1234,1234,200602040NOK,0.5,4.9,2nd quarter,0:58.3,Desmond Mason,NOK,True,3-pointer,24,56-41,'LAL',leads
1235,1235,1235,200602040NOK,23.8,23.6,2nd quarter,0:16.6,Chris Paul,NOK,True,2-pointer,19,58-43,'LAL',leads
1236,1236,1236,200602040NOK,7.4,6.7,3rd quarter,11:23.0,David West,NOK,False,2-pointer,17,58-48,'LAL',leads
1237,1237,1237,200602040NOK,24.0,5.0,3rd quarter,10:21.0,P.J. Brown,NOK,True,2-pointer,0,60-50,'LAL',leads
1238,1238,1238,200602040NOK,37.0,16.8,3rd quarter,9:22.0,Chris Paul,NOK,True,2-pointer,18,62-52,'LAL',leads
1239,1239,1239,200602040NOK,39.3,12.2,3rd quarter,8:44.0,David West,NOK,False,2-pointer,17,62-55,'LAL',leads
1240,1240,1240,200602040NOK,37.1,10.4,3rd quarter,8:15.0,David West,NOK,False,2-pointer,14,62-55,'LAL',leads
1241,1241,1241,200602040NOK,8.6,12.7,3rd quarter,7:19.0,P.J. Brown,NOK,True,2-pointer,17,64-57,'LAL',leads
1242,1242,1242,200602040NOK,28.4,25.7,3rd quarter,6:49.0,Chris Paul,NOK,True,2-pointer,21,66-57,'LAL',leads
1243,1243,1243,200602040NOK,24.0,5.0,3rd quarter,6:01.0,P.J. Brown,NOK,True,2-pointer,0,68-59,'LAL',leads
1244,1244,1244,200602040NOK,4.9,21.9,3rd quarter,4:28.0,Chris Paul,NOK,False,3-pointer,26,69-62,'LAL',leads
1245,1245,1245,200602040NOK,6.9,9.5,3rd quarter,4:07.0,Speedy Claxton,NOK,False,2-pointer,18,69-62,'LAL',leads
1246,1246,1246,200602040NOK,34.8,27.2,3rd quarter,3:44.0,Chris Paul,NOK,True,3-pointer,25,74-62,'LAL',leads
1247,1247,1247,200602040NOK,24.0,5.0,3rd quarter,3:18.0,Desmond Mason,NOK,True,2-pointer,0,76-62,'LAL',leads
1248,1248,1248,200602040NOK,24.0,5.0,3rd quarter,2:44.0,Aaron Williams,NOK,True,2-pointer,0,78-62,'LAL',leads
1249,1249,1249,200602040NOK,24.0,5.0,3rd quarter,1:50.0,P.J. Brown,NOK,False,2-pointer,0,78-68,'LAL',leads
1250,1250,1250,200602040NOK,24.0,9.0,3rd quarter,1:18.0,Speedy Claxton,NOK,False,2-pointer,4,78-68,'LAL',leads
1251,1251,1251,200602040NOK,33.7,16.5,3rd quarter,1:14.0,Desmond Mason,NOK,False,2-pointer,15,78-68,'LAL',leads
1252,1252,1252,200602040NOK,24.0,5.0,3rd quarter,0:44.8,Chris Paul,NOK,True,2-pointer,0,80-68,'LAL',leads
1253,1253,1253,200602040NOK,24.0,5.0,3rd quarter,0:01.2,Chris Paul,NOK,True,2-pointer,0,83-69,'LAL',leads
1254,1254,1254,200602040NOK,24.3,29.3,4th quarter,11:38.0,Desmond Mason,NOK,False,3-pointer,24,83-69,'LAL',leads
1255,1255,1255,200602040NOK,4.9,21.4,4th quarter,11:04.0,Rasual Butler,NOK,True,3-pointer,25,86-71,'LAL',leads
1256,1256,1256,200602040NOK,24.0,10.3,4th quarter,10:12.0,Chris Paul,NOK,False,2-pointer,5,86-71,'LAL',leads
1257,1257,1257,200602040NOK,13.8,8.3,4th quarter,9:50.0,Speedy Claxton,NOK,False,2-pointer,11,86-71,'LAL',leads
1258,1258,1258,200602040NOK,24.0,5.0,4th quarter,9:14.0,Kirk Snyder,NOK,True,2-pointer,0,88-71,'LAL',leads
1259,1259,1259,200602040NOK,26.1,5.0,4th quarter,8:27.0,Speedy Claxton,NOK,False,2-pointer,2,88-71,'LAL',leads
1260,1260,1260,200602040NOK,24.0,5.0,4th quarter,7:09.0,Aaron Williams,NOK,False,2-pointer,0,90-73,'LAL',leads
1261,1261,1261,200602040NOK,24.0,5.0,4th quarter,7:07.0,Desmond Mason,NOK,True,2-pointer,0,92-73,'LAL',leads
1262,1262,1262,200602040NOK,38.0,17.8,4th quarter,6:44.0,Rasual Butler,NOK,False,2-pointer,19,92-76,'LAL',leads
1263,1263,1263,200602040NOK,26.4,15.9,4th quarter,6:13.0,Kirk Snyder,NOK,True,2-pointer,11,94-78,'LAL',leads
1264,1264,1264,200602040NOK,1.3,4.2,4th quarter,5:43.0,Rasual Butler,NOK,True,3-pointer,23,97-78,'LAL',leads
1265,1265,1265,200602040NOK,8.4,8.8,4th quarter,4:05.0,Rasual Butler,NOK,False,2-pointer,16,97-83,'LAL',leads
1266,1266,1266,200602040NOK,8.2,11.6,4th quarter,2:27.0,P.J. Brown,NOK,False,2-pointer,17,97-87,'LAL',leads
1267,1267,1267,200602040NOK,24.0,5.0,4th quarter,2:24.0,Rasual Butler,NOK,True,2-pointer,0,99-87,'LAL',leads
1268,1268,1268,200602040NOK,38.6,9.0,4th quarter,1:13.0,David West,NOK,False,2-pointer,15,99-87,'LAL',leads
1269,1269,1269,200602040NOK,24.0,5.0,4th quarter,1:13.0,Rasual Butler,NOK,True,2-pointer,0,101-87,'LAL',leads
1270,1270,1270,200602040NOK,24.0,5.0,4th quarter,0:34.3,David West,NOK,True,2-pointer,0,103-90,'LAL',leads
1271,1271,1271,200602040NOK,1.5,17.3,4th quarter,0:06.2,Rasual Butler,NOK,True,3-pointer,26,106-90,'LAL',leads
1272,1272,1272,200602040ORL,5.3,22.6,1st quarter,10:46.0,Paul Pierce,BOS,False,3-pointer,26,0-4,'BOS',trails
1273,1273,1273,200602040ORL,24.0,5.0,1st quarter,10:24.0,Paul Pierce,BOS,True,2-pointer,0,2-4,'BOS',trails
1274,1274,1274,200602040ORL,24.0,5.0,1st quarter,10:08.0,Paul Pierce,BOS,True,2-pointer,0,5-4,'BOS',leads
1275,1275,1275,200602040ORL,16.8,26.2,1st quarter,9:44.0,Raef LaFrentz,BOS,True,2-pointer,22,7-4,'BOS',leads
1276,1276,1276,200602040ORL,37.3,20.8,1st quarter,9:23.0,Delonte West,BOS,True,2-pointer,21,9-4,'BOS',leads
1277,1277,1277,200602040ORL,39.9,24.6,1st quarter,8:27.0,Raef LaFrentz,BOS,True,3-pointer,25,12-8,'BOS',leads
1278,1278,1278,200602040ORL,12.8,26.4,1st quarter,7:58.0,Paul Pierce,BOS,False,3-pointer,24,12-8,'BOS',leads
1279,1279,1279,200602040ORL,17.3,8.1,1st quarter,7:18.0,Kendrick Perkins,BOS,False,2-pointer,7,12-10,'BOS',leads
1280,1280,1280,200602040ORL,46.5,10.1,1st quarter,6:43.0,Wally Szczerbiak,BOS,False,3-pointer,23,12-10,'BOS',leads
1281,1281,1281,200602040ORL,24.0,5.0,1st quarter,6:07.0,Delonte West,BOS,True,2-pointer,0,14-12,'BOS',leads
1282,1282,1282,200602040ORL,42.1,11.9,1st quarter,5:32.0,Wally Szczerbiak,BOS,True,2-pointer,19,16-14,'BOS',leads
1283,1283,1283,200602040ORL,11.2,22.8,1st quarter,4:59.0,Delonte West,BOS,False,2-pointer,22,16-14,'BOS',leads
1284,1284,1284,200602040ORL,30.9,29.7,1st quarter,3:54.0,Raef LaFrentz,BOS,False,3-pointer,26,16-18,'BOS',trails
1285,1285,1285,200602040ORL,24.0,5.0,1st quarter,3:28.0,Delonte West,BOS,False,2-pointer,0,16-20,'BOS',trails
1286,1286,1286,200602040ORL,24.5,13.6,1st quarter,2:36.0,Paul Pierce,BOS,False,2-pointer,9,16-23,'BOS',trails
1287,1287,1287,200602040ORL,10.0,10.3,1st quarter,2:06.0,Raef LaFrentz,BOS,False,2-pointer,15,16-25,'BOS',trails
1288,1288,1288,200602040ORL,15.8,16.4,1st quarter,1:14.0,Paul Pierce,BOS,False,2-pointer,14,16-27,'BOS',trails
1289,1289,1289,200602040ORL,5.8,11.6,1st quarter,0:36.4,Orien Greene,BOS,True,2-pointer,19,18-29,'BOS',trails
1290,1290,1290,200602040ORL,25.6,15.2,2nd quarter,11:43.0,Orien Greene,BOS,False,2-pointer,10,20-31,'BOS',trails
1291,1291,1291,200602040ORL,42.7,10.8,2nd quarter,11:24.0,Wally Szczerbiak,BOS,False,2-pointer,20,20-31,'BOS',trails
1292,1292,1292,200602040ORL,9.4,20.3,2nd quarter,10:12.0,Tony Allen,BOS,False,2-pointer,21,20-35,'BOS',trails
1293,1293,1293,200602040ORL,24.0,5.0,2nd quarter,10:04.0,Tony Allen,BOS,True,2-pointer,0,22-35,'BOS',trails
1294,1294,1294,200602040ORL,34.0,23.4,2nd quarter,9:39.0,Wally Szczerbiak,BOS,False,2-pointer,21,22-35,'BOS',trails
1295,1295,1295,200602040ORL,24.0,5.0,2nd quarter,7:36.0,Delonte West,BOS,False,2-pointer,0,24-39,'BOS',trails
1296,1296,1296,200602040ORL,24.0,5.0,2nd quarter,7:34.0,Kendrick Perkins,BOS,True,2-pointer,0,26-39,'BOS',trails
1297,1297,1297,200602040ORL,24.0,5.0,2nd quarter,6:54.0,Paul Pierce,BOS,False,2-pointer,0,26-39,'BOS',trails
1298,1298,1298,200602040ORL,24.0,5.0,2nd quarter,6:50.0,Kendrick Perkins,BOS,True,2-pointer,0,28-39,'BOS',trails
1299,1299,1299,200602040ORL,47.3,4.4,2nd quarter,5:46.0,Delonte West,BOS,True,3-pointer,23,31-39,'BOS',trails
1300,1300,1300,200602040ORL,24.0,5.0,2nd quarter,5:16.0,Orien Greene,BOS,True,2-pointer,0,33-39,'BOS',trails
1301,1301,1301,200602040ORL,9.5,10.9,2nd quarter,4:26.0,Paul Pierce,BOS,False,2-pointer,16,33-41,'BOS',trails
1302,1302,1302,200602040ORL,24.0,5.0,2nd quarter,4:04.0,Paul Pierce,BOS,True,2-pointer,0,35-41,'BOS',trails
1303,1303,1303,200602040ORL,24.0,5.0,2nd quarter,3:10.0,Paul Pierce,BOS,False,2-pointer,0,36-44,'BOS',trails
1304,1304,1304,200602040ORL,24.0,5.0,2nd quarter,3:08.0,Paul Pierce,BOS,True,2-pointer,0,38-44,'BOS',trails
1305,1305,1305,200602040ORL,24.0,5.0,2nd quarter,2:15.0,Orien Greene,BOS,False,2-pointer,0,38-44,'BOS',trails
1306,1306,1306,200602040ORL,23.5,9.3,2nd quarter,1:06.0,Kendrick Perkins,BOS,False,2-pointer,4,39-47,'BOS',trails
1307,1307,1307,200602040ORL,35.8,25.7,2nd quarter,0:37.9,Wally Szczerbiak,BOS,False,3-pointer,24,39-48,'BOS',trails
1308,1308,1308,200602040ORL,48.5,4.5,2nd quarter,0:04.0,Wally Szczerbiak,BOS,True,3-pointer,25,42-48,'BOS',trails
1309,1309,1309,200602040ORL,38.3,14.4,3rd quarter,11:47.0,Paul Pierce,BOS,False,2-pointer,17,42-48,'BOS',trails
1310,1310,1310,200602040ORL,24.0,5.0,3rd quarter,11:44.0,Kendrick Perkins,BOS,False,2-pointer,0,42-48,'BOS',trails
1311,1311,1311,200602040ORL,11.8,13.4,3rd quarter,10:51.0,Delonte West,BOS,True,2-pointer,15,44-50,'BOS',trails
1312,1312,1312,200602040ORL,47.3,15.4,3rd quarter,10:19.0,Delonte West,BOS,False,3-pointer,26,44-50,'BOS',trails
1313,1313,1313,200602040ORL,5.8,7.6,3rd quarter,9:56.0,Wally Szczerbiak,BOS,False,2-pointer,18,44-52,'BOS',trails
1314,1314,1314,200602040ORL,24.0,5.0,3rd quarter,9:12.0,Delonte West,BOS,True,2-pointer,0,48-54,'BOS',trails
1315,1315,1315,200602040ORL,24.0,5.0,3rd quarter,8:52.0,Paul Pierce,BOS,True,2-pointer,0,50-54,'BOS',trails
1316,1316,1316,200602040ORL,15.5,6.0,3rd quarter,8:01.0,Wally Szczerbiak,BOS,True,2-pointer,9,52-56,'BOS',trails
1317,1317,1317,200602040ORL,27.9,12.9,3rd quarter,7:32.0,Paul Pierce,BOS,True,2-pointer,9,54-58,'BOS',trails
1318,1318,1318,200602040ORL,10.4,25.9,3rd quarter,6:49.0,Raef LaFrentz,BOS,False,3-pointer,25,54-58,'BOS',trails
1319,1319,1319,200602040ORL,24.0,5.0,3rd quarter,6:41.0,Paul Pierce,BOS,True,2-pointer,0,56-58,'BOS',trails
1320,1320,1320,200602040ORL,20.2,21.8,3rd quarter,6:05.0,Paul Pierce,BOS,False,2-pointer,17,56-61,'BOS',trails
1321,1321,1321,200602040ORL,24.0,5.0,3rd quarter,5:35.0,Paul Pierce,BOS,False,2-pointer,0,58-63,'BOS',trails
1322,1322,1322,200602040ORL,24.0,5.0,3rd quarter,4:12.0,Paul Pierce,BOS,False,2-pointer,0,60-65,'BOS',trails
1323,1323,1323,200602040ORL,9.4,15.2,3rd quarter,3:38.0,Wally Szczerbiak,BOS,False,2-pointer,18,60-68,'BOS',trails
1324,1324,1324,200602040ORL,34.2,19.0,3rd quarter,3:08.0,Paul Pierce,BOS,False,2-pointer,17,60-69,'BOS',trails
1325,1325,1325,200602040ORL,24.0,5.0,3rd quarter,2:42.0,Paul Pierce,BOS,True,2-pointer,0,62-69,'BOS',trails
1326,1326,1326,200602040ORL,24.0,5.0,3rd quarter,1:52.0,Kendrick Perkins,BOS,True,2-pointer,0,64-69,'BOS',trails
1327,1327,1327,200602040ORL,24.0,5.0,3rd quarter,0:57.9,Delonte West,BOS,False,2-pointer,0,64-69,'BOS',trails
1328,1328,1328,200602040ORL,24.0,5.0,3rd quarter,0:57.5,Paul Pierce,BOS,False,2-pointer,0,64-69,'BOS',trails
1329,1329,1329,200602040ORL,39.8,22.9,3rd quarter,0:37.9,Brian Scalabrine,BOS,False,3-pointer,24,64-71,'BOS',trails
1330,1330,1330,200602040ORL,24.0,5.0,3rd quarter,0:35.9,Wally Szczerbiak,BOS,True,2-pointer,0,66-71,'BOS',trails
1331,1331,1331,200602040ORL,46.3,5.3,3rd quarter,0:00.0,Brian Scalabrine,BOS,True,3-pointer,22,69-71,'BOS',trails
1332,1332,1332,200602040ORL,30.7,8.0,4th quarter,10:07.0,Wally Szczerbiak,BOS,True,2-pointer,7,71-75,'BOS',trails
1333,1333,1333,200602040ORL,44.0,20.1,4th quarter,9:00.0,Wally Szczerbiak,BOS,False,3-pointer,25,71-79,'BOS',trails
1334,1334,1334,200602040ORL,33.8,19.1,4th quarter,7:54.0,Paul Pierce,BOS,False,2-pointer,17,72-84,'BOS',trails
1335,1335,1335,200602040ORL,47.6,4.4,4th quarter,7:01.0,Brian Scalabrine,BOS,True,3-pointer,24,75-84,'BOS',trails
1336,1336,1336,200602040ORL,38.4,9.3,4th quarter,6:27.0,Paul Pierce,BOS,False,2-pointer,15,75-86,'BOS',trails
1337,1337,1337,200602040ORL,24.0,5.0,4th quarter,6:04.0,Paul Pierce,BOS,True,2-pointer,0,77-86,'BOS',trails
1338,1338,1338,200602040ORL,24.0,5.0,4th quarter,5:36.0,Paul Pierce,BOS,True,2-pointer,0,80-86,'BOS',trails
1339,1339,1339,200602040ORL,24.0,5.0,4th quarter,4:19.0,Paul Pierce,BOS,False,2-pointer,0,81-86,'BOS',trails
1340,1340,1340,200602040ORL,24.0,5.0,4th quarter,4:17.0,Kendrick Perkins,BOS,False,2-pointer,0,81-86,'BOS',trails
1341,1341,1341,200602040ORL,43.7,21.4,4th quarter,2:52.0,Brian Scalabrine,BOS,False,3-pointer,26,83-90,'BOS',trails
1342,1342,1342,200602040ORL,8.7,4.9,4th quarter,2:49.0,Wally Szczerbiak,BOS,True,2-pointer,15,85-90,'BOS',trails
1343,1343,1343,200602040ORL,28.4,9.6,4th quarter,2:14.0,Paul Pierce,BOS,True,2-pointer,6,87-92,'BOS',trails
1344,1344,1344,200602040ORL,24.0,5.0,4th quarter,1:50.0,Paul Pierce,BOS,True,2-pointer,0,89-94,'BOS',trails
1345,1345,1345,200602040ORL,24.0,5.0,4th quarter,1:20.0,Delonte West,BOS,False,2-pointer,0,89-94,'BOS',trails
1346,1346,1346,200602040ORL,21.9,22.1,4th quarter,0:48.8,Paul Pierce,BOS,True,2-pointer,17,91-96,'BOS',trails
1347,1347,1347,200602040ORL,9.5,24.1,4th quarter,0:22.9,Paul Pierce,BOS,False,3-pointer,24,91-96,'BOS',trails
1348,1348,1348,200602040ORL,42.2,7.8,4th quarter,0:13.9,Delonte West,BOS,False,2-pointer,18,91-98,'BOS',trails
1349,1349,1349,200602040ORL,7.1,6.3,4th quarter,0:04.9,Gerald Green,BOS,False,2-pointer,17,91-100,'BOS',trails
1350,1350,1350,200602040ORL,24.0,5.0,1st quarter,11:40.0,Tony Battie,ORL,True,2-pointer,0,2-0,'BOS',leads
1351,1351,1351,200602040ORL,45.5,5.0,1st quarter,11:04.0,DeShawn Stevenson,ORL,True,2-pointer,22,4-0,'BOS',leads
1352,1352,1352,200602040ORL,24.0,5.0,1st quarter,9:54.0,Dwight Howard,ORL,False,2-pointer,0,4-5,'BOS',trails
1353,1353,1353,200602040ORL,30.7,28.8,1st quarter,9:31.0,Hedo Türkoğlu,ORL,False,3-pointer,25,4-7,'BOS',trails
1354,1354,1354,200602040ORL,24.8,18.7,1st quarter,9:01.0,Tony Battie,ORL,True,2-pointer,14,6-9,'BOS',trails
1355,1355,1355,200602040ORL,24.0,5.0,1st quarter,8:42.0,Steve Francis,ORL,True,2-pointer,0,8-9,'BOS',trails
1356,1356,1356,200602040ORL,24.0,5.0,1st quarter,8:05.0,Tony Battie,ORL,False,2-pointer,0,8-12,'BOS',trails
1357,1357,1357,200602040ORL,19.6,16.4,1st quarter,7:00.0,Steve Francis,ORL,False,2-pointer,12,10-12,'BOS',trails
1358,1358,1358,200602040ORL,16.5,6.2,1st quarter,6:21.0,Dwight Howard,ORL,True,2-pointer,8,12-12,'BOS',tied
1359,1359,1359,200602040ORL,46.0,7.2,1st quarter,5:48.0,Hedo Türkoğlu,ORL,True,2-pointer,22,14-14,'BOS',tied
1360,1360,1360,200602040ORL,28.3,9.9,1st quarter,5:09.0,Dwight Howard,ORL,False,2-pointer,7,14-16,'BOS',trails
1361,1361,1361,200602040ORL,26.8,10.1,1st quarter,4:46.0,Tony Battie,ORL,False,2-pointer,6,14-16,'BOS',trails
1362,1362,1362,200602040ORL,24.0,5.0,1st quarter,4:39.0,Hedo Türkoğlu,ORL,True,2-pointer,0,16-16,'BOS',tied
1363,1363,1363,200602040ORL,24.0,5.0,1st quarter,4:12.0,DeShawn Stevenson,ORL,True,2-pointer,0,18-16,'BOS',leads
1364,1364,1364,200602040ORL,24.0,5.0,1st quarter,3:40.0,Tony Battie,ORL,True,2-pointer,0,20-16,'BOS',leads
1365,1365,1365,200602040ORL,11.8,25.4,1st quarter,3:03.0,Steve Francis,ORL,True,3-pointer,24,23-16,'BOS',leads
1366,1366,1366,200602040ORL,18.1,21.0,1st quarter,2:24.0,Tony Battie,ORL,True,2-pointer,17,25-16,'BOS',leads
1367,1367,1367,200602040ORL,24.0,5.0,1st quarter,1:34.0,Dwight Howard,ORL,True,2-pointer,0,27-16,'BOS',leads
1368,1368,1368,200602040ORL,37.5,18.7,1st quarter,0:22.9,Stacey Augmon,ORL,True,2-pointer,19,31-18,'BOS',leads
1369,1369,1369,200602040ORL,24.0,5.0,1st quarter,0:00.2,Keyon Dooling,ORL,False,2-pointer,0,31-20,'BOS',leads
1370,1370,1370,200602040ORL,24.0,5.0,2nd quarter,11:10.0,Hedo Türkoğlu,ORL,True,2-pointer,0,33-20,'BOS',leads
1371,1371,1371,200602040ORL,16.9,7.2,2nd quarter,10:33.0,Mario Kasun,ORL,False,2-pointer,7,33-20,'BOS',leads
1372,1372,1372,200602040ORL,24.0,5.0,2nd quarter,10:30.0,Mario Kasun,ORL,True,2-pointer,0,35-20,'BOS',leads
1373,1373,1373,200602040ORL,24.0,5.0,2nd quarter,10:06.0,Steve Francis,ORL,False,2-pointer,0,35-20,'BOS',leads
1374,1374,1374,200602040ORL,24.0,5.0,2nd quarter,9:53.0,Steve Francis,ORL,False,2-pointer,0,35-22,'BOS',leads
1375,1375,1375,200602040ORL,24.0,5.0,2nd quarter,9:49.0,Mario Kasun,ORL,False,2-pointer,0,35-22,'BOS',leads
1376,1376,1376,200602040ORL,24.0,5.0,2nd quarter,9:25.0,Hedo Türkoğlu,ORL,True,2-pointer,0,37-22,'BOS',leads
1377,1377,1377,200602040ORL,24.0,5.0,2nd quarter,8:56.0,Keyon Dooling,ORL,True,2-pointer,0,39-24,'BOS',leads
1378,1378,1378,200602040ORL,21.9,10.3,2nd quarter,8:12.0,Mario Kasun,ORL,False,2-pointer,6,39-24,'BOS',leads
1379,1379,1379,200602040ORL,14.0,11.8,2nd quarter,8:04.0,Keyon Dooling,ORL,False,2-pointer,12,39-24,'BOS',leads
1380,1380,1380,200602040ORL,42.9,5.7,2nd quarter,7:13.0,Hedo Türkoğlu,ORL,False,2-pointer,19,39-26,'BOS',leads
1381,1381,1381,200602040ORL,24.0,5.0,2nd quarter,7:03.0,Mario Kasun,ORL,False,2-pointer,0,39-26,'BOS',leads
1382,1382,1382,200602040ORL,24.0,5.0,2nd quarter,7:02.0,Mario Kasun,ORL,False,2-pointer,0,39-26,'BOS',leads
1383,1383,1383,200602040ORL,16.5,20.8,2nd quarter,6:22.0,Keyon Dooling,ORL,False,2-pointer,17,39-28,'BOS',leads
1384,1384,1384,200602040ORL,26.3,21.6,2nd quarter,6:04.0,Steve Francis,ORL,False,2-pointer,17,39-28,'BOS',leads
1385,1385,1385,200602040ORL,41.2,10.4,2nd quarter,5:24.0,DeShawn Stevenson,ORL,False,2-pointer,18,39-31,'BOS',leads
1386,1386,1386,200602040ORL,33.0,8.6,2nd quarter,4:48.0,Dwight Howard,ORL,True,2-pointer,10,41-33,'BOS',leads
1387,1387,1387,200602040ORL,44.2,7.6,2nd quarter,3:49.0,Hedo Türkoğlu,ORL,True,2-pointer,20,43-36,'BOS',leads
1388,1388,1388,200602040ORL,24.0,5.0,2nd quarter,1:26.0,Hedo Türkoğlu,ORL,True,2-pointer,0,47-39,'BOS',leads
1389,1389,1389,200602040ORL,24.0,5.0,2nd quarter,0:16.9,Dwight Howard,ORL,False,2-pointer,0,48-39,'BOS',leads
1390,1390,1390,200602040ORL,24.0,5.0,2nd quarter,0:13.9,Dwight Howard,ORL,False,2-pointer,0,48-39,'BOS',leads
1391,1391,1391,200602040ORL,8.7,33.1,2nd quarter,0:00.0,Steve Francis,ORL,False,3-pointer,32,48-42,'BOS',leads
1392,1392,1392,200602040ORL,22.0,23.6,3rd quarter,11:20.0,Hedo Türkoğlu,ORL,True,2-pointer,19,50-42,'BOS',leads
1393,1393,1393,200602040ORL,7.1,4.2,3rd quarter,10:03.0,DeShawn Stevenson,ORL,True,2-pointer,17,52-44,'BOS',leads
1394,1394,1394,200602040ORL,24.0,5.0,3rd quarter,8:28.0,Dwight Howard,ORL,True,2-pointer,0,56-50,'BOS',leads
1395,1395,1395,200602040ORL,36.5,5.2,3rd quarter,7:42.0,Tony Battie,ORL,True,2-pointer,13,58-52,'BOS',leads
1396,1396,1396,200602040ORL,17.1,6.2,3rd quarter,7:09.0,Dwight Howard,ORL,False,2-pointer,7,58-54,'BOS',leads
1397,1397,1397,200602040ORL,16.0,28.8,3rd quarter,7:00.0,Hedo Türkoğlu,ORL,False,3-pointer,25,58-54,'BOS',leads
1398,1398,1398,200602040ORL,11.7,18.5,3rd quarter,6:25.0,DeShawn Stevenson,ORL,False,2-pointer,18,58-56,'BOS',leads
1399,1399,1399,200602040ORL,17.4,28.8,3rd quarter,6:21.0,Pat Garrity,ORL,True,3-pointer,25,61-56,'BOS',leads
1400,1400,1400,200602040ORL,24.0,5.0,3rd quarter,5:29.0,Steve Francis,ORL,True,2-pointer,0,65-58,'BOS',leads
1401,1401,1401,200602040ORL,5.9,3.6,3rd quarter,4:57.0,Hedo Türkoğlu,ORL,False,2-pointer,18,65-60,'BOS',leads
1402,1402,1402,200602040ORL,9.4,3.7,3rd quarter,4:40.0,Tony Battie,ORL,False,2-pointer,15,65-60,'BOS',leads
1403,1403,1403,200602040ORL,5.9,2.9,3rd quarter,4:32.0,Pat Garrity,ORL,False,2-pointer,18,65-60,'BOS',leads
1404,1404,1404,200602040ORL,24.0,5.0,3rd quarter,4:20.0,Steve Francis,ORL,False,2-pointer,0,65-60,'BOS',leads
1405,1405,1405,200602040ORL,24.0,5.0,3rd quarter,3:53.0,DeShawn Stevenson,ORL,True,2-pointer,0,67-60,'BOS',leads
1406,1406,1406,200602040ORL,18.6,28.5,3rd quarter,2:14.0,Keyon Dooling,ORL,False,3-pointer,24,69-62,'BOS',leads
1407,1407,1407,200602040ORL,42.9,21.3,3rd quarter,1:27.0,Hedo Türkoğlu,ORL,False,3-pointer,25,69-64,'BOS',leads
1408,1408,1408,200602040ORL,13.0,28.5,3rd quarter,1:04.0,Pat Garrity,ORL,False,3-pointer,26,69-64,'BOS',leads
1409,1409,1409,200602040ORL,34.0,7.8,3rd quarter,0:18.9,Hedo Türkoğlu,ORL,False,2-pointer,10,71-66,'BOS',leads
1410,1410,1410,200602040ORL,25.3,25.9,4th quarter,11:07.0,Keyon Dooling,ORL,True,2-pointer,21,73-69,'BOS',leads
1411,1411,1411,200602040ORL,14.5,19.1,4th quarter,10:27.0,Keyon Dooling,ORL,True,2-pointer,17,75-69,'BOS',leads
1412,1412,1412,200602040ORL,24.0,5.0,4th quarter,9:41.0,Keyon Dooling,ORL,True,2-pointer,0,77-71,'BOS',leads
1413,1413,1413,200602040ORL,4.0,15.0,4th quarter,9:16.0,Pat Garrity,ORL,True,2-pointer,22,79-71,'BOS',leads
1414,1414,1414,200602040ORL,24.0,5.0,4th quarter,8:46.0,Dwight Howard,ORL,True,2-pointer,0,81-71,'BOS',leads
1415,1415,1415,200602040ORL,26.4,15.4,4th quarter,8:08.0,Stacey Augmon,ORL,True,2-pointer,11,84-72,'BOS',leads
1416,1416,1416,200602040ORL,29.2,5.8,4th quarter,7:31.0,Dwight Howard,ORL,False,2-pointer,5,84-72,'BOS',leads
1417,1417,1417,200602040ORL,24.0,5.0,4th quarter,6:43.0,Dwight Howard,ORL,True,2-pointer,0,86-75,'BOS',leads
1418,1418,1418,200602040ORL,24.0,5.0,4th quarter,6:10.0,Keyon Dooling,ORL,False,2-pointer,0,86-75,'BOS',leads
1419,1419,1419,200602040ORL,28.6,24.9,4th quarter,5:05.0,Keyon Dooling,ORL,False,2-pointer,20,86-80,'BOS',leads
1420,1420,1420,200602040ORL,43.2,7.6,4th quarter,3:14.0,Steve Francis,ORL,True,2-pointer,19,90-83,'BOS',leads
1421,1421,1421,200602040ORL,21.4,9.8,4th quarter,2:26.0,Tony Battie,ORL,True,2-pointer,5,92-85,'BOS',leads
1422,1422,1422,200602040ORL,24.0,5.0,4th quarter,2:00.0,Dwight Howard,ORL,True,2-pointer,0,94-87,'BOS',leads
1423,1423,1423,200602040ORL,18.6,21.9,4th quarter,0:59.4,Steve Francis,ORL,True,2-pointer,18,96-89,'BOS',leads
1424,1424,1424,200602040ORL,24.0,5.0,4th quarter,0:29.9,Hedo Türkoğlu,ORL,False,2-pointer,0,96-91,'BOS',leads
1425,1425,1425,200602040PHO,29.4,14.2,1st quarter,11:45.0,Othella Harrington,CHI,True,2-pointer,11,2-0,'PHO',leads
1426,1426,1426,200602040PHO,22.0,13.6,1st quarter,11:17.0,Tyson Chandler,CHI,True,2-pointer,9,4-0,'PHO',leads
1427,1427,1427,200602040PHO,44.4,9.8,1st quarter,10:40.0,Ben Gordon,CHI,False,2-pointer,21,4-0,'PHO',leads
1428,1428,1428,200602040PHO,28.9,15.2,1st quarter,10:03.0,Othella Harrington,CHI,True,2-pointer,11,6-2,'PHO',leads
1429,1429,1429,200602040PHO,38.8,17.5,1st quarter,8:48.0,Luol Deng,CHI,False,2-pointer,19,8-5,'PHO',leads
1430,1430,1430,200602040PHO,13.7,27.9,1st quarter,8:07.0,Kirk Hinrich,CHI,False,3-pointer,25,8-5,'PHO',leads
1431,1431,1431,200602040PHO,41.6,23.4,1st quarter,7:05.0,Ben Gordon,CHI,True,3-pointer,25,12-10,'PHO',leads
1432,1432,1432,200602040PHO,24.0,5.0,1st quarter,6:16.0,Ben Gordon,CHI,False,2-pointer,0,12-12,'PHO',tied
1433,1433,1433,200602040PHO,16.3,12.4,1st quarter,5:50.0,Luol Deng,CHI,False,2-pointer,11,12-12,'PHO',tied
1434,1434,1434,200602040PHO,38.6,3.9,1st quarter,4:58.0,Darius Songaila,CHI,False,2-pointer,15,12-12,'PHO',tied
1435,1435,1435,200602040PHO,24.0,5.0,1st quarter,4:56.0,Tyson Chandler,CHI,True,2-pointer,0,14-12,'PHO',leads
1436,1436,1436,200602040PHO,41.9,6.3,1st quarter,4:27.0,Darius Songaila,CHI,False,2-pointer,18,14-14,'PHO',tied
1437,1437,1437,200602040PHO,41.2,18.0,1st quarter,3:52.0,Ben Gordon,CHI,True,2-pointer,22,16-17,'PHO',trails
1438,1438,1438,200602040PHO,40.1,24.7,1st quarter,2:42.0,Ben Gordon,CHI,True,3-pointer,25,19-20,'PHO',trails
1439,1439,1439,200602040PHO,26.8,15.2,1st quarter,2:13.0,Mike Sweetney,CHI,True,2-pointer,11,21-20,'PHO',leads
1440,1440,1440,200602040PHO,40.6,25.2,1st quarter,1:38.0,Andrés Nocioni,CHI,False,3-pointer,26,21-22,'PHO',trails
1441,1441,1441,200602040PHO,24.0,5.0,1st quarter,1:33.0,Tyson Chandler,CHI,True,2-pointer,0,23-22,'PHO',leads
1442,1442,1442,200602040PHO,24.0,5.0,1st quarter,1:05.0,Mike Sweetney,CHI,True,2-pointer,0,25-22,'PHO',leads
1443,1443,1443,200602040PHO,8.4,16.0,1st quarter,0:40.9,Kirk Hinrich,CHI,False,2-pointer,19,25-24,'PHO',leads
1444,1444,1444,200602040PHO,39.6,18.5,1st quarter,0:00.9,Mike Sweetney,CHI,False,2-pointer,21,25-27,'PHO',trails
1445,1445,1445,200602040PHO,24.0,5.0,2nd quarter,11:33.0,Andrés Nocioni,CHI,True,2-pointer,0,27-27,'PHO',tied
1446,1446,1446,200602040PHO,31.7,13.1,2nd quarter,11:03.0,Andrés Nocioni,CHI,True,2-pointer,11,29-30,'PHO',trails
1447,1447,1447,200602040PHO,24.0,5.0,2nd quarter,10:37.0,Andrés Nocioni,CHI,False,2-pointer,0,29-32,'PHO',trails
1448,1448,1448,200602040PHO,32.2,10.8,2nd quarter,9:09.0,Kirk Hinrich,CHI,False,2-pointer,10,29-36,'PHO',trails
1449,1449,1449,200602040PHO,29.6,10.4,2nd quarter,8:46.0,Mike Sweetney,CHI,True,2-pointer,8,31-36,'PHO',trails
1450,1450,1450,200602040PHO,40.3,6.5,2nd quarter,8:23.0,Mike Sweetney,CHI,True,2-pointer,16,33-36,'PHO',trails
1451,1451,1451,200602040PHO,23.8,12.7,2nd quarter,7:48.0,Andrés Nocioni,CHI,False,2-pointer,8,33-36,'PHO',trails
1452,1452,1452,200602040PHO,24.5,29.8,2nd quarter,7:29.0,Ben Gordon,CHI,True,3-pointer,25,36-36,'PHO',tied
1453,1453,1453,200602040PHO,38.1,26.4,2nd quarter,6:52.0,Ben Gordon,CHI,True,3-pointer,26,39-36,'PHO',leads
1454,1454,1454,200602040PHO,24.0,5.0,2nd quarter,6:23.0,Tyson Chandler,CHI,True,2-pointer,0,41-39,'PHO',leads
1455,1455,1455,200602040PHO,5.4,7.0,2nd quarter,5:18.0,Andrés Nocioni,CHI,False,2-pointer,19,42-42,'PHO',tied
1456,1456,1456,200602040PHO,35.7,7.3,2nd quarter,4:42.0,Kirk Hinrich,CHI,False,2-pointer,12,42-42,'PHO',tied
1457,1457,1457,200602040PHO,27.6,27.9,2nd quarter,4:28.0,Ben Gordon,CHI,True,2-pointer,23,44-42,'PHO',leads
1458,1458,1458,200602040PHO,19.1,26.5,2nd quarter,3:51.0,Andrés Nocioni,CHI,False,2-pointer,22,44-45,'PHO',trails
1459,1459,1459,200602040PHO,23.4,16.2,2nd quarter,3:20.0,Luol Deng,CHI,False,2-pointer,11,44-48,'PHO',trails
1460,1460,1460,200602040PHO,39.8,16.5,2nd quarter,2:30.0,Luol Deng,CHI,False,2-pointer,20,44-50,'PHO',trails
1461,1461,1461,200602040PHO,24.0,5.0,2nd quarter,2:01.0,Mike Sweetney,CHI,True,2-pointer,0,46-50,'PHO',trails
1462,1462,1462,200602040PHO,36.0,28.0,2nd quarter,0:54.9,Ben Gordon,CHI,False,3-pointer,26,46-50,'PHO',trails
1463,1463,1463,200602040PHO,4.6,8.3,2nd quarter,0:45.9,Luol Deng,CHI,False,2-pointer,20,46-50,'PHO',trails
1464,1464,1464,200602040PHO,24.0,5.0,2nd quarter,0:28.5,Luol Deng,CHI,True,2-pointer,0,48-52,'PHO',trails
1465,1465,1465,200602040PHO,23.0,14.2,2nd quarter,0:00.1,Ben Gordon,CHI,True,2-pointer,9,50-52,'PHO',trails
1466,1466,1466,200602040PHO,35.8,20.1,3rd quarter,11:20.0,Kirk Hinrich,CHI,False,2-pointer,19,50-54,'PHO',trails
1467,1467,1467,200602040PHO,24.0,5.0,3rd quarter,11:06.0,Othella Harrington,CHI,False,2-pointer,0,50-54,'PHO',trails
1468,1468,1468,200602040PHO,30.7,21.3,3rd quarter,10:20.0,Luol Deng,CHI,False,2-pointer,18,50-57,'PHO',trails
1469,1469,1469,200602040PHO,47.8,10.6,3rd quarter,9:32.0,Ben Gordon,CHI,True,3-pointer,24,53-61,'PHO',trails
1470,1470,1470,200602040PHO,10.2,25.7,3rd quarter,9:01.0,Ben Gordon,CHI,True,3-pointer,25,56-64,'PHO',trails
1471,1471,1471,200602040PHO,17.1,17.7,3rd quarter,8:34.0,Darius Songaila,CHI,False,2-pointer,14,56-66,'PHO',trails
1472,1472,1472,200602040PHO,8.4,25.6,3rd quarter,8:14.0,Chris Duhon,CHI,False,3-pointer,26,56-66,'PHO',trails
1473,1473,1473,200602040PHO,16.1,12.4,3rd quarter,7:50.0,Darius Songaila,CHI,False,2-pointer,11,56-68,'PHO',trails
1474,1474,1474,200602040PHO,24.0,5.0,3rd quarter,7:17.0,Mike Sweetney,CHI,True,2-pointer,0,58-70,'PHO',trails
1475,1475,1475,200602040PHO,36.3,8.0,3rd quarter,6:54.0,Darius Songaila,CHI,False,2-pointer,13,58-72,'PHO',trails
1476,1476,1476,200602040PHO,6.1,14.4,3rd quarter,6:47.0,Andrés Nocioni,CHI,False,2-pointer,20,58-72,'PHO',trails
1477,1477,1477,200602040PHO,11.4,12.1,3rd quarter,6:19.0,Mike Sweetney,CHI,True,2-pointer,14,60-75,'PHO',trails
1478,1478,1478,200602040PHO,3.0,16.5,3rd quarter,5:45.0,Andrés Nocioni,CHI,False,3-pointer,24,60-77,'PHO',trails
1479,1479,1479,200602040PHO,37.1,14.1,3rd quarter,5:07.0,Andrés Nocioni,CHI,False,2-pointer,16,60-77,'PHO',trails
1480,1480,1480,200602040PHO,37.8,7.5,3rd quarter,4:23.0,Luol Deng,CHI,True,2-pointer,14,62-77,'PHO',trails
1481,1481,1481,200602040PHO,24.0,5.0,3rd quarter,3:33.0,Luol Deng,CHI,True,2-pointer,0,64-79,'PHO',trails
1482,1482,1482,200602040PHO,44.5,21.3,3rd quarter,2:48.0,Ben Gordon,CHI,True,3-pointer,26,67-82,'PHO',trails
1483,1483,1483,200602040PHO,1.7,8.8,3rd quarter,2:19.0,Kirk Hinrich,CHI,False,3-pointer,23,67-85,'PHO',trails
1484,1484,1484,200602040PHO,24.0,5.0,3rd quarter,2:15.0,Luol Deng,CHI,False,2-pointer,0,67-85,'PHO',trails
1485,1485,1485,200602040PHO,1.0,6.0,3rd quarter,1:54.0,Chris Duhon,CHI,False,3-pointer,23,67-87,'PHO',trails
1486,1486,1486,200602040PHO,1.2,5.5,3rd quarter,1:08.0,Ben Gordon,CHI,True,3-pointer,23,70-87,'PHO',trails
1487,1487,1487,200602040PHO,4.6,21.4,3rd quarter,0:53.9,Ben Gordon,CHI,False,3-pointer,25,70-90,'PHO',trails
1488,1488,1488,200602040PHO,41.7,24.9,3rd quarter,0:40.9,Jannero Pargo,CHI,False,3-pointer,27,70-90,'PHO',trails
1489,1489,1489,200602040PHO,2.5,19.1,3rd quarter,0:07.9,Chris Duhon,CHI,False,3-pointer,26,70-90,'PHO',trails
1490,1490,1490,200602040PHO,9.2,19.8,4th quarter,11:44.0,Ben Gordon,CHI,True,2-pointer,21,72-90,'PHO',trails
1491,1491,1491,200602040PHO,19.1,30.2,4th quarter,11:04.0,Ben Gordon,CHI,False,3-pointer,26,72-93,'PHO',trails
1492,1492,1492,200602040PHO,4.8,19.0,4th quarter,10:36.0,Jannero Pargo,CHI,False,3-pointer,24,72-93,'PHO',trails
1493,1493,1493,200602040PHO,19.2,10.9,4th quarter,9:48.0,Chris Duhon,CHI,False,2-pointer,8,72-95,'PHO',trails
1494,1494,1494,200602040PHO,24.0,5.0,4th quarter,9:11.0,Jannero Pargo,CHI,False,2-pointer,0,72-98,'PHO',trails
1495,1495,1495,200602040PHO,32.0,8.6,4th quarter,8:22.0,Kirk Hinrich,CHI,False,2-pointer,9,72-98,'PHO',trails
1496,1496,1496,200602040PHO,24.0,5.0,4th quarter,8:04.0,Ben Gordon,CHI,True,2-pointer,0,74-98,'PHO',trails
1497,1497,1497,200602040PHO,34.0,23.3,4th quarter,7:34.0,Jannero Pargo,CHI,True,2-pointer,21,76-98,'PHO',trails
1498,1498,1498,200602040PHO,47.8,7.2,4th quarter,7:12.0,Ben Gordon,CHI,True,3-pointer,24,79-98,'PHO',trails
1499,1499,1499,200602040PHO,10.2,21.9,4th quarter,6:48.0,Ben Gordon,CHI,False,2-pointer,22,79-98,'PHO',trails
1500,1500,1500,200602040PHO,38.8,17.0,4th quarter,5:47.0,Luol Deng,CHI,False,2-pointer,19,81-102,'PHO',trails
1501,1501,1501,200602040PHO,5.1,21.8,4th quarter,5:14.0,Jannero Pargo,CHI,False,3-pointer,25,82-104,'PHO',trails
1502,1502,1502,200602040PHO,28.7,10.3,4th quarter,5:04.0,James Thomas,CHI,False,2-pointer,7,82-104,'PHO',trails
1503,1503,1503,200602040PHO,43.4,23.1,4th quarter,4:35.0,Jannero Pargo,CHI,False,3-pointer,27,82-106,'PHO',trails
1504,1504,1504,200602040PHO,22.0,31.3,4th quarter,4:18.0,Ben Gordon,CHI,False,3-pointer,26,82-106,'PHO',trails
1505,1505,1505,200602040PHO,24.0,5.0,4th quarter,4:06.0,Luol Deng,CHI,True,2-pointer,0,86-106,'PHO',trails
1506,1506,1506,200602040PHO,47.6,9.0,4th quarter,3:37.0,Luol Deng,CHI,True,3-pointer,24,89-109,'PHO',trails
1507,1507,1507,200602040PHO,8.1,18.2,4th quarter,3:09.0,Jannero Pargo,CHI,True,2-pointer,21,91-111,'PHO',trails
1508,1508,1508,200602040PHO,32.0,10.9,4th quarter,2:20.0,Jannero Pargo,CHI,True,2-pointer,10,95-113,'PHO',trails
1509,1509,1509,200602040PHO,24.0,5.0,4th quarter,1:44.0,James Thomas,CHI,True,2-pointer,0,97-113,'PHO',trails
1510,1510,1510,200602040PHO,40.4,25.4,4th quarter,1:22.0,Jannero Pargo,CHI,False,3-pointer,26,97-113,'PHO',trails
1511,1511,1511,200602040PHO,24.0,5.0,4th quarter,1:01.0,Andrés Nocioni,CHI,True,2-pointer,0,99-113,'PHO',trails
1512,1512,1512,200602040PHO,24.0,5.0,4th quarter,0:47.6,Luol Deng,CHI,True,2-pointer,0,101-113,'PHO',trails
1513,1513,1513,200602040PHO,8.4,16.5,4th quarter,0:22.9,Jannero Pargo,CHI,False,2-pointer,19,101-116,'PHO',trails
1514,1514,1514,200602040PHO,42.4,23.1,4th quarter,0:05.9,Jannero Pargo,CHI,False,3-pointer,26,101-118,'PHO',trails
1515,1515,1515,200602040PHO,36.5,7.8,1st quarter,10:58.0,Boris Diaw,PHO,False,2-pointer,13,0-4,'PHO',trails
1516,1516,1516,200602040PHO,24.0,5.0,1st quarter,10:29.0,Shawn Marion,PHO,True,2-pointer,0,2-4,'PHO',trails
1517,1517,1517,200602040PHO,25.8,13.7,1st quarter,9:47.0,Shawn Marion,PHO,False,2-pointer,9,2-6,'PHO',trails
1518,1518,1518,200602040PHO,11.4,26.9,1st quarter,9:37.0,Shawn Marion,PHO,True,3-pointer,25,5-6,'PHO',trails
1519,1519,1519,200602040PHO,24.0,5.0,1st quarter,9:05.0,Boris Diaw,PHO,False,2-pointer,0,5-8,'PHO',trails
1520,1520,1520,200602040PHO,4.5,19.6,1st quarter,8:18.0,Shawn Marion,PHO,False,3-pointer,24,5-8,'PHO',trails
1521,1521,1521,200602040PHO,37.1,19.0,1st quarter,7:58.0,Steve Nash,PHO,True,2-pointer,19,7-8,'PHO',trails
1522,1522,1522,200602040PHO,6.4,23.7,1st quarter,7:31.0,Raja Bell,PHO,False,3-pointer,26,7-9,'PHO',trails
1523,1523,1523,200602040PHO,9.5,24.7,1st quarter,7:23.0,Steve Nash,PHO,True,3-pointer,24,10-9,'PHO',leads
1524,1524,1524,200602040PHO,38.8,12.4,1st quarter,6:26.0,Kurt Thomas,PHO,False,2-pointer,17,12-12,'PHO',tied
1525,1525,1525,200602040PHO,45.3,19.0,1st quarter,5:33.0,James Jones,PHO,False,3-pointer,25,12-12,'PHO',tied
1526,1526,1526,200602040PHO,38.4,7.2,1st quarter,5:13.0,Kurt Thomas,PHO,False,2-pointer,15,12-12,'PHO',tied
1527,1527,1527,200602040PHO,23.7,30.2,1st quarter,4:20.0,Shawn Marion,PHO,False,3-pointer,25,14-14,'PHO',tied
1528,1528,1528,200602040PHO,47.8,10.6,1st quarter,4:09.0,Leandro Barbosa,PHO,True,3-pointer,24,17-14,'PHO',leads
1529,1529,1529,200602040PHO,40.1,23.6,1st quarter,3:40.0,James Jones,PHO,False,3-pointer,25,17-16,'PHO',leads
1530,1530,1530,200602040PHO,24.0,5.0,1st quarter,3:03.0,Steve Nash,PHO,True,2-pointer,0,20-16,'PHO',leads
1531,1531,1531,200602040PHO,24.0,5.0,1st quarter,2:01.0,Shawn Marion,PHO,True,2-pointer,0,22-21,'PHO',leads
1532,1532,1532,200602040PHO,14.0,21.1,1st quarter,1:17.0,James Jones,PHO,False,2-pointer,19,22-23,'PHO',trails
1533,1533,1533,200602040PHO,24.0,5.0,1st quarter,0:18.5,Steve Nash,PHO,True,2-pointer,0,26-25,'PHO',leads
1534,1534,1534,200602040PHO,26.6,12.6,2nd quarter,11:40.0,Leandro Barbosa,PHO,False,2-pointer,8,27-25,'PHO',leads
1535,1535,1535,200602040PHO,44.7,19.6,2nd quarter,11:19.0,Shawn Marion,PHO,True,3-pointer,25,30-27,'PHO',leads
1536,1536,1536,200602040PHO,9.4,19.8,2nd quarter,10:53.0,Eddie House,PHO,True,2-pointer,21,32-29,'PHO',leads
1537,1537,1537,200602040PHO,11.4,6.0,2nd quarter,10:29.0,Shawn Marion,PHO,True,2-pointer,13,34-29,'PHO',leads
1538,1538,1538,200602040PHO,35.8,27.7,2nd quarter,9:54.0,Eddie House,PHO,False,3-pointer,26,34-29,'PHO',leads
1539,1539,1539,200602040PHO,38.0,20.8,2nd quarter,9:48.0,Raja Bell,PHO,False,2-pointer,21,34-29,'PHO',leads
1540,1540,1540,200602040PHO,24.0,5.0,2nd quarter,9:27.0,Eddie House,PHO,True,2-pointer,0,36-29,'PHO',leads
1541,1541,1541,200602040PHO,19.2,7.2,2nd quarter,8:58.0,Boris Diaw,PHO,False,2-pointer,5,36-29,'PHO',leads
1542,1542,1542,200602040PHO,11.4,16.8,2nd quarter,8:35.0,Boris Diaw,PHO,False,2-pointer,17,36-31,'PHO',leads
1543,1543,1543,200602040PHO,5.8,14.7,2nd quarter,8:05.0,Eddie House,PHO,False,2-pointer,21,36-33,'PHO',leads
1544,1544,1544,200602040PHO,41.9,23.4,2nd quarter,7:39.0,Eddie House,PHO,False,3-pointer,26,36-33,'PHO',leads
1545,1545,1545,200602040PHO,24.0,5.0,2nd quarter,7:06.0,Kurt Thomas,PHO,False,2-pointer,0,36-36,'PHO',tied
1546,1546,1546,200602040PHO,1.8,4.9,2nd quarter,6:37.0,Eddie House,PHO,True,3-pointer,22,39-39,'PHO',tied
1547,1547,1547,200602040PHO,1.0,7.5,2nd quarter,6:02.0,Raja Bell,PHO,True,3-pointer,23,42-41,'PHO',leads
1548,1548,1548,200602040PHO,14.3,18.0,2nd quarter,5:33.0,Raja Bell,PHO,False,2-pointer,16,42-42,'PHO',tied
1549,1549,1549,200602040PHO,6.4,21.8,2nd quarter,5:06.0,Leandro Barbosa,PHO,False,3-pointer,24,42-42,'PHO',tied
1550,1550,1550,200602040PHO,43.5,21.4,2nd quarter,4:55.0,Steve Nash,PHO,False,3-pointer,25,42-42,'PHO',tied
1551,1551,1551,200602040PHO,45.7,17.8,2nd quarter,4:36.0,Raja Bell,PHO,False,3-pointer,25,42-42,'PHO',tied
1552,1552,1552,200602040PHO,8.7,23.9,2nd quarter,4:14.0,Steve Nash,PHO,True,3-pointer,24,45-44,'PHO',leads
1553,1553,1553,200602040PHO,6.3,21.9,2nd quarter,3:43.0,Raja Bell,PHO,True,3-pointer,24,48-44,'PHO',leads
1554,1554,1554,200602040PHO,32.0,19.8,2nd quarter,2:50.0,Shawn Marion,PHO,True,2-pointer,17,50-44,'PHO',leads
1555,1555,1555,200602040PHO,8.4,17.2,2nd quarter,2:08.0,Boris Diaw,PHO,False,2-pointer,20,50-44,'PHO',leads
1556,1556,1556,200602040PHO,9.5,15.2,2nd quarter,1:41.0,Steve Nash,PHO,False,2-pointer,18,50-46,'PHO',leads
1557,1557,1557,200602040PHO,9.5,15.0,2nd quarter,1:26.0,Shawn Marion,PHO,False,2-pointer,18,50-46,'PHO',leads
1558,1558,1558,200602040PHO,4.9,20.3,2nd quarter,1:05.0,Leandro Barbosa,PHO,False,3-pointer,24,50-46,'PHO',leads
1559,1559,1559,200602040PHO,24.0,5.0,2nd quarter,0:40.6,Leandro Barbosa,PHO,False,2-pointer,0,50-46,'PHO',leads
1560,1560,1560,200602040PHO,22.9,13.9,2nd quarter,0:37.9,Shawn Marion,PHO,True,2-pointer,9,52-46,'PHO',leads
1561,1561,1561,200602040PHO,6.8,23.3,2nd quarter,0:05.9,Shawn Marion,PHO,False,3-pointer,25,52-48,'PHO',leads
1562,1562,1562,200602040PHO,8.6,17.2,3rd quarter,11:39.0,Steve Nash,PHO,True,2-pointer,20,54-50,'PHO',leads
1563,1563,1563,200602040PHO,39.4,26.5,3rd quarter,10:53.0,Steve Nash,PHO,False,3-pointer,26,54-50,'PHO',leads
1564,1564,1564,200602040PHO,1.7,6.7,3rd quarter,10:39.0,Shawn Marion,PHO,True,3-pointer,22,57-50,'PHO',leads
1565,1565,1565,200602040PHO,24.0,5.0,3rd quarter,10:06.0,Boris Diaw,PHO,True,2-pointer,0,59-50,'PHO',leads
1566,1566,1566,200602040PHO,1.5,7.5,3rd quarter,9:16.0,Raja Bell,PHO,True,3-pointer,23,64-53,'PHO',leads
1567,1567,1567,200602040PHO,30.1,25.2,3rd quarter,8:02.0,Kurt Thomas,PHO,True,2-pointer,21,68-56,'PHO',leads
1568,1568,1568,200602040PHO,24.0,5.0,3rd quarter,7:36.0,Shawn Marion,PHO,True,2-pointer,0,70-56,'PHO',leads
1569,1569,1569,200602040PHO,24.0,5.0,3rd quarter,7:07.0,Boris Diaw,PHO,True,2-pointer,0,72-58,'PHO',leads
1570,1570,1570,200602040PHO,1.2,9.9,3rd quarter,6:37.0,Raja Bell,PHO,True,3-pointer,23,75-58,'PHO',leads
1571,1571,1571,200602040PHO,29.6,7.3,3rd quarter,6:02.0,Kurt Thomas,PHO,True,2-pointer,6,77-60,'PHO',leads
1572,1572,1572,200602040PHO,48.3,6.8,3rd quarter,5:27.0,Shawn Marion,PHO,False,3-pointer,24,77-60,'PHO',leads
1573,1573,1573,200602040PHO,47.8,12.1,3rd quarter,3:49.0,Raja Bell,PHO,False,3-pointer,25,77-62,'PHO',leads
1574,1574,1574,200602040PHO,24.0,5.0,3rd quarter,3:45.0,Shawn Marion,PHO,True,2-pointer,0,79-62,'PHO',leads
1575,1575,1575,200602040PHO,14.1,28.8,3rd quarter,3:12.0,Raja Bell,PHO,False,3-pointer,26,79-64,'PHO',leads
1576,1576,1576,200602040PHO,48.5,5.2,3rd quarter,3:04.0,Shawn Marion,PHO,True,3-pointer,25,82-64,'PHO',leads
1577,1577,1577,200602040PHO,8.2,24.9,3rd quarter,2:33.0,Raja Bell,PHO,True,3-pointer,25,85-67,'PHO',leads
1578,1578,1578,200602040PHO,36.8,21.4,3rd quarter,2:08.0,Steve Nash,PHO,True,2-pointer,21,87-67,'PHO',leads
1579,1579,1579,200602040PHO,8.9,24.2,3rd quarter,1:33.0,James Jones,PHO,False,3-pointer,24,87-67,'PHO',leads
1580,1580,1580,200602040PHO,15.0,29.2,3rd quarter,1:20.0,Shawn Marion,PHO,False,3-pointer,26,87-67,'PHO',leads
1581,1581,1581,200602040PHO,24.0,5.0,3rd quarter,1:04.0,Boris Diaw,PHO,True,2-pointer,0,89-70,'PHO',leads
1582,1582,1582,200602040PHO,10.7,19.1,3rd quarter,0:15.9,Shawn Marion,PHO,False,2-pointer,19,90-70,'PHO',leads
1583,1583,1583,200602040PHO,4.8,19.3,4th quarter,11:25.0,James Jones,PHO,True,3-pointer,24,93-72,'PHO',leads
1584,1584,1584,200602040PHO,39.8,9.9,4th quarter,10:51.0,Eddie House,PHO,False,2-pointer,17,93-72,'PHO',leads
1585,1585,1585,200602040PHO,24.0,5.0,4th quarter,10:26.0,Boris Diaw,PHO,True,2-pointer,0,95-72,'PHO',leads
1586,1586,1586,200602040PHO,1.3,9.0,4th quarter,9:31.0,James Jones,PHO,True,3-pointer,23,98-72,'PHO',leads
1587,1587,1587,200602040PHO,42.6,23.6,4th quarter,8:47.0,Eddie House,PHO,False,3-pointer,26,98-72,'PHO',leads
1588,1588,1588,200602040PHO,45.2,19.3,4th quarter,7:45.0,James Jones,PHO,False,3-pointer,26,98-74,'PHO',leads
1589,1589,1589,200602040PHO,1.5,6.5,4th quarter,6:55.0,Eddie House,PHO,False,3-pointer,23,98-79,'PHO',leads
1590,1590,1590,200602040PHO,24.0,5.0,4th quarter,6:31.0,Boris Diaw,PHO,True,2-pointer,0,100-79,'PHO',leads
1591,1591,1591,200602040PHO,15.5,24.4,4th quarter,6:00.0,James Jones,PHO,True,2-pointer,21,102-81,'PHO',leads
1592,1592,1592,200602040PHO,40.7,15.4,4th quarter,5:25.0,Eddie House,PHO,True,2-pointer,20,104-82,'PHO',leads
1593,1593,1593,200602040PHO,11.4,16.7,4th quarter,4:56.0,Eddie House,PHO,True,2-pointer,17,106-82,'PHO',leads
1594,1594,1594,200602040PHO,43.4,23.1,4th quarter,3:54.0,Eddie House,PHO,True,3-pointer,27,109-86,'PHO',leads
1595,1595,1595,200602040PHO,19.4,10.6,4th quarter,3:22.0,Nikoloz Tskitishvili,PHO,True,2-pointer,7,111-89,'PHO',leads
1596,1596,1596,200602040PHO,4.5,6.8,4th quarter,2:59.0,James Jones,PHO,True,2-pointer,20,113-91,'PHO',leads
1597,1597,1597,200602040PHO,10.5,19.6,4th quarter,2:31.0,Nikoloz Tskitishvili,PHO,False,2-pointer,20,113-93,'PHO',leads
1598,1598,1598,200602040PHO,16.6,23.1,4th quarter,2:04.0,Pat Burke,PHO,False,2-pointer,20,113-95,'PHO',leads
1599,1599,1599,200602040PHO,15.0,23.1,4th quarter,1:29.0,Leandro Barbosa,PHO,False,2-pointer,20,113-97,'PHO',leads
1600,1600,1600,200602040PHO,40.7,6.3,4th quarter,1:07.0,Nikoloz Tskitishvili,PHO,False,2-pointer,17,113-97,'PHO',leads
1601,1601,1601,200602040PHO,6.8,22.8,4th quarter,0:53.9,Dijon Thompson,PHO,False,3-pointer,25,113-99,'PHO',leads
1602,1602,1602,200602040PHO,44.5,20.8,4th quarter,0:27.7,Dijon Thompson,PHO,True,3-pointer,26,116-101,'PHO',leads
1603,1603,1603,200602040PHO,24.0,5.0,4th quarter,0:13.9,Nikoloz Tskitishvili,PHO,False,2-pointer,0,117-101,'PHO',leads
1604,1604,1604,200602040WAS,30.2,6.5,1st quarter,11:44.0,Joe Johnson,ATL,True,2-pointer,6,2-0,'WAS',leads
1605,1605,1605,200602040WAS,13.0,15.4,1st quarter,10:01.0,Royal Ivey,ATL,False,2-pointer,15,2-2,'WAS',tied
1606,1606,1606,200602040WAS,12.0,10.4,1st quarter,9:09.0,Al Harrington,ATL,True,2-pointer,13,4-4,'WAS',tied
1607,1607,1607,200602040WAS,2.2,15.9,1st quarter,8:48.0,Al Harrington,ATL,True,3-pointer,24,7-4,'WAS',leads
1608,1608,1608,200602040WAS,41.1,11.1,1st quarter,8:23.0,Josh Smith,ATL,False,2-pointer,18,7-4,'WAS',leads
1609,1609,1609,200602040WAS,27.4,18.5,1st quarter,7:58.0,Zaza Pachulia,ATL,True,2-pointer,14,9-6,'WAS',leads
1610,1610,1610,200602040WAS,2.0,17.8,1st quarter,7:22.0,Al Harrington,ATL,False,3-pointer,25,9-6,'WAS',leads
1611,1611,1611,200602040WAS,47.2,18.0,1st quarter,7:08.0,Joe Johnson,ATL,False,3-pointer,27,9-6,'WAS',leads
1612,1612,1612,200602040WAS,23.8,5.3,1st quarter,7:03.0,Zaza Pachulia,ATL,False,2-pointer,0,9-6,'WAS',leads
1613,1613,1613,200602040WAS,24.0,6.3,1st quarter,7:00.0,Zaza Pachulia,ATL,False,2-pointer,1,9-6,'WAS',leads
1614,1614,1614,200602040WAS,38.6,27.7,1st quarter,6:33.0,Al Harrington,ATL,False,3-pointer,27,9-6,'WAS',leads
1615,1615,1615,200602040WAS,41.4,3.9,1st quarter,6:01.0,Joe Johnson,ATL,True,2-pointer,17,11-8,'WAS',leads
1616,1616,1616,200602040WAS,43.0,25.2,1st quarter,5:24.0,Tyronn Lue,ATL,False,3-pointer,28,11-8,'WAS',leads
1617,1617,1617,200602040WAS,23.7,5.7,1st quarter,4:57.0,Al Harrington,ATL,False,2-pointer,1,11-10,'WAS',leads
1618,1618,1618,200602040WAS,36.1,19.8,1st quarter,4:10.0,Marvin Williams,ATL,False,2-pointer,19,11-15,'WAS',trails
1619,1619,1619,200602040WAS,1.0,5.0,1st quarter,3:00.0,Joe Johnson,ATL,True,3-pointer,23,14-19,'WAS',trails
1620,1620,1620,200602040WAS,39.9,10.3,1st quarter,1:44.0,Marvin Williams,ATL,False,2-pointer,17,14-21,'WAS',trails
1621,1621,1621,200602040WAS,39.6,20.0,1st quarter,1:10.0,Tyronn Lue,ATL,False,2-pointer,22,14-21,'WAS',trails
1622,1622,1622,200602040WAS,27.1,7.5,1st quarter,0:52.9,Zaza Pachulia,ATL,False,2-pointer,4,14-23,'WAS',trails
1623,1623,1623,200602040WAS,37.3,18.0,2nd quarter,11:32.0,Marvin Williams,ATL,False,2-pointer,19,15-26,'WAS',trails
1624,1624,1624,200602040WAS,26.9,7.2,2nd quarter,11:29.0,Josh Childress,ATL,True,2-pointer,4,17-26,'WAS',trails
1625,1625,1625,200602040WAS,24.0,11.9,2nd quarter,10:54.0,Al Harrington,ATL,False,2-pointer,7,17-26,'WAS',trails
1626,1626,1626,200602040WAS,20.7,5.5,2nd quarter,10:13.0,Al Harrington,ATL,False,2-pointer,3,17-28,'WAS',trails
1627,1627,1627,200602040WAS,22.0,6.5,2nd quarter,10:10.0,Al Harrington,ATL,True,2-pointer,3,19-28,'WAS',trails
1628,1628,1628,200602040WAS,26.6,6.0,2nd quarter,9:41.0,Marvin Williams,ATL,True,2-pointer,3,21-29,'WAS',trails
1629,1629,1629,200602040WAS,13.5,11.4,2nd quarter,9:02.0,Josh Smith,ATL,False,2-pointer,12,21-29,'WAS',trails
1630,1630,1630,200602040WAS,26.4,6.5,2nd quarter,8:21.0,Joe Johnson,ATL,True,2-pointer,3,23-31,'WAS',trails
1631,1631,1631,200602040WAS,26.4,6.7,2nd quarter,7:45.0,Al Harrington,ATL,True,2-pointer,3,25-34,'WAS',trails
1632,1632,1632,200602040WAS,40.7,26.9,2nd quarter,7:23.0,Salim Stoudamire,ATL,False,3-pointer,28,25-34,'WAS',trails
1633,1633,1633,200602040WAS,22.7,5.8,2nd quarter,7:19.0,Josh Childress,ATL,False,2-pointer,2,25-34,'WAS',trails
1634,1634,1634,200602040WAS,22.9,6.5,2nd quarter,6:38.0,Al Harrington,ATL,False,2-pointer,2,27-36,'WAS',trails
1635,1635,1635,200602040WAS,24.8,7.5,2nd quarter,6:18.0,Josh Childress,ATL,True,2-pointer,3,29-36,'WAS',trails
1636,1636,1636,200602040WAS,13.3,8.1,2nd quarter,5:02.0,Al Harrington,ATL,False,2-pointer,11,29-38,'WAS',trails
1637,1637,1637,200602040WAS,25.3,8.5,2nd quarter,4:32.0,Josh Smith,ATL,False,2-pointer,4,29-40,'WAS',trails
1638,1638,1638,200602040WAS,41.7,12.2,2nd quarter,3:52.0,Royal Ivey,ATL,False,2-pointer,19,29-42,'WAS',trails
1639,1639,1639,200602040WAS,7.2,25.7,2nd quarter,3:35.0,Joe Johnson,ATL,False,3-pointer,27,29-42,'WAS',trails
1640,1640,1640,200602040WAS,11.8,10.9,2nd quarter,2:58.0,Al Harrington,ATL,False,2-pointer,14,29-42,'WAS',trails
1641,1641,1641,200602040WAS,28.3,5.7,2nd quarter,2:53.0,Joe Johnson,ATL,False,2-pointer,4,29-42,'WAS',trails
1642,1642,1642,200602040WAS,26.8,7.2,2nd quarter,2:49.0,Al Harrington,ATL,False,2-pointer,4,29-42,'WAS',trails
1643,1643,1643,200602040WAS,12.5,17.0,2nd quarter,2:04.0,Joe Johnson,ATL,False,2-pointer,17,31-42,'WAS',trails
1644,1644,1644,200602040WAS,24.0,5.0,2nd quarter,0:55.5,Royal Ivey,ATL,False,2-pointer,0,31-42,'WAS',trails
1645,1645,1645,200602040WAS,23.7,21.1,3rd quarter,11:19.0,Royal Ivey,ATL,False,2-pointer,16,33-48,'WAS',trails
1646,1646,1646,200602040WAS,27.9,7.0,3rd quarter,11:10.0,Al Harrington,ATL,False,2-pointer,4,33-48,'WAS',trails
1647,1647,1647,200602040WAS,10.9,5.7,3rd quarter,10:07.0,Al Harrington,ATL,False,2-pointer,13,35-53,'WAS',trails
1648,1648,1648,200602040WAS,24.8,19.0,3rd quarter,9:56.0,Joe Johnson,ATL,False,2-pointer,14,35-53,'WAS',trails
1649,1649,1649,200602040WAS,30.7,5.0,3rd quarter,9:23.0,Josh Smith,ATL,False,2-pointer,7,35-55,'WAS',trails
1650,1650,1650,200602040WAS,17.9,9.8,3rd quarter,8:49.0,Zaza Pachulia,ATL,True,2-pointer,8,39-57,'WAS',trails
1651,1651,1651,200602040WAS,23.2,8.6,3rd quarter,8:20.0,Joe Johnson,ATL,True,2-pointer,4,41-59,'WAS',trails
1652,1652,1652,200602040WAS,1.0,6.2,3rd quarter,7:42.0,Al Harrington,ATL,False,3-pointer,23,41-61,'WAS',trails
1653,1653,1653,200602040WAS,48.8,7.0,3rd quarter,5:53.0,Joe Johnson,ATL,True,3-pointer,25,46-66,'WAS',trails
1654,1654,1654,200602040WAS,30.9,6.7,3rd quarter,5:26.0,Josh Childress,ATL,True,2-pointer,7,48-68,'WAS',trails
1655,1655,1655,200602040WAS,1.3,3.6,3rd quarter,4:58.0,Tyronn Lue,ATL,True,3-pointer,23,51-68,'WAS',trails
1656,1656,1656,200602040WAS,10.4,26.7,3rd quarter,4:19.0,Tyronn Lue,ATL,False,3-pointer,26,51-68,'WAS',trails
1657,1657,1657,200602040WAS,27.3,7.8,3rd quarter,3:35.0,Marvin Williams,ATL,False,2-pointer,4,52-68,'WAS',trails
1658,1658,1658,200602040WAS,6.9,23.9,3rd quarter,2:00.0,Salim Stoudamire,ATL,False,3-pointer,25,58-73,'WAS',trails
1659,1659,1659,200602040WAS,26.8,6.0,3rd quarter,1:45.0,Tyronn Lue,ATL,True,2-pointer,3,61-73,'WAS',trails
1660,1660,1660,200602040WAS,23.7,6.7,3rd quarter,1:23.0,Josh Childress,ATL,True,2-pointer,2,63-73,'WAS',trails
1661,1661,1661,200602040WAS,1.3,6.7,3rd quarter,0:56.9,Salim Stoudamire,ATL,True,3-pointer,23,67-73,'WAS',trails
1662,1662,1662,200602040WAS,11.0,8.6,3rd quarter,0:01.9,Salim Stoudamire,ATL,False,2-pointer,13,71-78,'WAS',trails
1663,1663,1663,200602040WAS,11.7,15.9,4th quarter,11:37.0,Tyronn Lue,ATL,True,2-pointer,16,73-78,'WAS',trails
1664,1664,1664,200602040WAS,42.6,24.4,4th quarter,11:08.0,Tyronn Lue,ATL,False,3-pointer,27,73-78,'WAS',trails
1665,1665,1665,200602040WAS,14.6,32.8,4th quarter,8:00.0,Joe Johnson,ATL,False,3-pointer,29,75-85,'WAS',trails
1666,1666,1666,200602040WAS,1.5,9.5,4th quarter,7:53.0,Salim Stoudamire,ATL,False,3-pointer,23,75-85,'WAS',trails
1667,1667,1667,200602040WAS,21.5,7.8,4th quarter,7:21.0,Joe Johnson,ATL,True,2-pointer,4,77-85,'WAS',trails
1668,1668,1668,200602040WAS,29.2,9.0,4th quarter,6:39.0,Josh Smith,ATL,False,2-pointer,7,77-85,'WAS',trails
1669,1669,1669,200602040WAS,25.1,32.3,4th quarter,5:23.0,Tyronn Lue,ATL,False,3-pointer,27,77-88,'WAS',trails
1670,1670,1670,200602040WAS,26.4,5.8,4th quarter,2:40.0,Zaza Pachulia,ATL,True,2-pointer,3,81-90,'WAS',trails
1671,1671,1671,200602040WAS,48.5,4.9,4th quarter,1:54.0,Joe Johnson,ATL,False,3-pointer,25,81-92,'WAS',trails
1672,1672,1672,200602040WAS,22.4,6.2,4th quarter,1:17.0,Joe Johnson,ATL,False,2-pointer,2,82-94,'WAS',trails
1673,1673,1673,200602040WAS,22.2,6.0,4th quarter,0:06.9,Esteban Batista,ATL,False,2-pointer,2,83-98,'WAS',trails
1674,1674,1674,200602040WAS,25.6,7.0,4th quarter,0:05.1,Esteban Batista,ATL,True,2-pointer,3,85-98,'WAS',trails
1675,1675,1675,200602040WAS,14.3,8.1,1st quarter,10:57.0,Caron Butler,WAS,False,2-pointer,10,0-2,'WAS',trails
1676,1676,1676,200602040WAS,27.4,7.3,1st quarter,10:23.0,Brendan Haywood,WAS,False,2-pointer,4,0-2,'WAS',trails
1677,1677,1677,200602040WAS,13.5,6.5,1st quarter,9:27.0,Caron Butler,WAS,True,2-pointer,11,4-2,'WAS',leads
1678,1678,1678,200602040WAS,28.4,6.8,1st quarter,8:57.0,Brendan Haywood,WAS,False,2-pointer,5,4-4,'WAS',tied
1679,1679,1679,200602040WAS,42.9,24.4,1st quarter,8:31.0,Antawn Jamison,WAS,False,3-pointer,27,4-7,'WAS',trails
1680,1680,1680,200602040WAS,28.3,6.5,1st quarter,8:17.0,Jared Jeffries,WAS,True,2-pointer,5,6-7,'WAS',trails
1681,1681,1681,200602040WAS,24.5,31.6,1st quarter,7:38.0,Gilbert Arenas,WAS,False,3-pointer,27,6-9,'WAS',trails
1682,1682,1682,200602040WAS,27.3,6.7,1st quarter,7:15.0,Jared Jeffries,WAS,False,2-pointer,4,6-9,'WAS',trails
1683,1683,1683,200602040WAS,26.8,6.0,1st quarter,6:23.0,Caron Butler,WAS,True,2-pointer,3,8-9,'WAS',trails
1684,1684,1684,200602040WAS,11.7,14.1,1st quarter,5:42.0,Gilbert Arenas,WAS,False,2-pointer,15,8-11,'WAS',trails
1685,1685,1685,200602040WAS,26.0,7.3,1st quarter,5:19.0,Gilbert Arenas,WAS,True,2-pointer,3,10-11,'WAS',trails
1686,1686,1686,200602040WAS,41.7,23.6,1st quarter,4:49.0,Antawn Jamison,WAS,True,3-pointer,26,13-11,'WAS',leads
1687,1687,1687,200602040WAS,28.1,7.5,1st quarter,4:30.0,Caron Butler,WAS,True,2-pointer,5,15-11,'WAS',leads
1688,1688,1688,200602040WAS,26.0,8.6,1st quarter,3:47.0,Antawn Jamison,WAS,True,2-pointer,4,17-11,'WAS',leads
1689,1689,1689,200602040WAS,40.1,18.0,1st quarter,3:16.0,Caron Butler,WAS,True,2-pointer,21,19-11,'WAS',leads
1690,1690,1690,200602040WAS,43.0,10.1,1st quarter,2:48.0,Antawn Jamison,WAS,True,2-pointer,20,21-14,'WAS',leads
1691,1691,1691,200602040WAS,12.5,12.4,1st quarter,2:20.0,Caron Butler,WAS,False,2-pointer,14,21-14,'WAS',leads
1692,1692,1692,200602040WAS,38.4,18.0,1st quarter,1:20.0,Antawn Jamison,WAS,False,2-pointer,19,21-14,'WAS',leads
1693,1693,1693,200602040WAS,26.6,5.7,1st quarter,1:03.0,Gilbert Arenas,WAS,True,2-pointer,3,23-14,'WAS',leads
1694,1694,1694,200602040WAS,39.4,19.6,1st quarter,0:35.9,Caron Butler,WAS,False,2-pointer,21,23-14,'WAS',leads
1695,1695,1695,200602040WAS,28.1,5.5,1st quarter,0:00.2,Gilbert Arenas,WAS,False,2-pointer,4,24-15,'WAS',leads
1696,1696,1696,200602040WAS,28.1,6.7,2nd quarter,11:49.0,Donell Taylor,WAS,True,2-pointer,4,26-15,'WAS',leads
1697,1697,1697,200602040WAS,40.3,14.9,2nd quarter,10:33.0,Caron Butler,WAS,True,2-pointer,19,28-17,'WAS',leads
1698,1698,1698,200602040WAS,24.6,7.0,2nd quarter,9:21.0,Caron Butler,WAS,False,2-pointer,2,29-21,'WAS',leads
1699,1699,1699,200602040WAS,23.7,19.8,2nd quarter,9:16.0,Antonio Daniels,WAS,False,2-pointer,15,29-21,'WAS',leads
1700,1700,1700,200602040WAS,22.0,7.2,2nd quarter,9:12.0,Michael Ruffin,WAS,False,2-pointer,3,29-21,'WAS',leads
1701,1701,1701,200602040WAS,13.5,13.6,2nd quarter,8:55.0,Gilbert Arenas,WAS,False,2-pointer,14,29-21,'WAS',leads
1702,1702,1702,200602040WAS,25.6,8.3,2nd quarter,8:39.0,Antawn Jamison,WAS,False,2-pointer,4,29-21,'WAS',leads
1703,1703,1703,200602040WAS,25.1,6.7,2nd quarter,8:38.0,Antawn Jamison,WAS,True,2-pointer,2,31-21,'WAS',leads
1704,1704,1704,200602040WAS,43.9,22.3,2nd quarter,8:03.0,Antawn Jamison,WAS,True,3-pointer,26,34-23,'WAS',leads
1705,1705,1705,200602040WAS,25.0,6.7,2nd quarter,7:30.0,Antonio Daniels,WAS,False,2-pointer,2,34-25,'WAS',leads
1706,1706,1706,200602040WAS,26.4,5.8,2nd quarter,7:00.0,Gilbert Arenas,WAS,True,2-pointer,3,36-27,'WAS',leads
1707,1707,1707,200602040WAS,29.4,9.0,2nd quarter,6:23.0,Jared Jeffries,WAS,False,2-pointer,7,36-27,'WAS',leads
1708,1708,1708,200602040WAS,26.4,7.0,2nd quarter,6:00.0,Jared Jeffries,WAS,True,2-pointer,3,38-29,'WAS',leads
1709,1709,1709,200602040WAS,28.1,9.6,2nd quarter,5:28.0,Antawn Jamison,WAS,False,2-pointer,6,38-29,'WAS',leads
1710,1710,1710,200602040WAS,10.5,18.8,2nd quarter,5:21.0,Jared Jeffries,WAS,False,2-pointer,19,38-29,'WAS',leads
1711,1711,1711,200602040WAS,22.5,7.5,2nd quarter,5:17.0,Antawn Jamison,WAS,False,2-pointer,3,38-29,'WAS',leads
1712,1712,1712,200602040WAS,26.6,6.5,2nd quarter,4:55.0,Gilbert Arenas,WAS,True,2-pointer,3,40-29,'WAS',leads
1713,1713,1713,200602040WAS,28.9,5.0,2nd quarter,4:22.0,Antonio Daniels,WAS,False,2-pointer,5,40-29,'WAS',leads
1714,1714,1714,200602040WAS,28.6,5.2,2nd quarter,4:12.0,Gilbert Arenas,WAS,True,2-pointer,5,42-29,'WAS',leads
1715,1715,1715,200602040WAS,44.5,10.9,2nd quarter,3:21.0,Gilbert Arenas,WAS,False,2-pointer,21,42-29,'WAS',leads
1716,1716,1716,200602040WAS,28.3,21.8,2nd quarter,2:20.0,Caron Butler,WAS,False,2-pointer,17,42-31,'WAS',leads
1717,1717,1717,200602040WAS,29.9,27.5,2nd quarter,1:17.0,Antawn Jamison,WAS,False,2-pointer,23,42-31,'WAS',leads
1718,1718,1718,200602040WAS,41.4,7.5,2nd quarter,0:03.9,Antawn Jamison,WAS,False,2-pointer,18,44-33,'WAS',leads
1719,1719,1719,200602040WAS,23.8,5.7,2nd quarter,0:02.1,Brendan Haywood,WAS,True,2-pointer,1,46-33,'WAS',leads
1720,1720,1720,200602040WAS,12.5,16.0,3rd quarter,11:44.0,Gilbert Arenas,WAS,True,2-pointer,16,48-33,'WAS',leads
1721,1721,1721,200602040WAS,24.3,14.4,3rd quarter,10:52.0,Brendan Haywood,WAS,True,2-pointer,9,50-33,'WAS',leads
1722,1722,1722,200602040WAS,27.4,6.8,3rd quarter,10:26.0,Gilbert Arenas,WAS,True,2-pointer,4,52-35,'WAS',leads
1723,1723,1723,200602040WAS,32.7,6.2,3rd quarter,9:45.0,Antawn Jamison,WAS,False,2-pointer,9,53-35,'WAS',leads
1724,1724,1724,200602040WAS,40.9,10.9,3rd quarter,9:02.0,Caron Butler,WAS,True,2-pointer,18,57-37,'WAS',leads
1725,1725,1725,200602040WAS,19.4,15.4,3rd quarter,8:37.0,Caron Butler,WAS,True,2-pointer,11,59-39,'WAS',leads
1726,1726,1726,200602040WAS,13.2,22.1,3rd quarter,8:07.0,Antawn Jamison,WAS,True,2-pointer,20,61-41,'WAS',leads
1727,1727,1727,200602040WAS,23.0,26.2,3rd quarter,7:23.0,Gilbert Arenas,WAS,False,2-pointer,21,61-41,'WAS',leads
1728,1728,1728,200602040WAS,24.1,13.1,3rd quarter,7:19.0,Antawn Jamison,WAS,True,2-pointer,8,64-41,'WAS',leads
1729,1729,1729,200602040WAS,22.4,6.3,3rd quarter,6:42.0,Caron Butler,WAS,False,2-pointer,2,64-41,'WAS',leads
1730,1730,1730,200602040WAS,22.9,5.5,3rd quarter,6:39.0,Antawn Jamison,WAS,False,2-pointer,1,64-41,'WAS',leads
1731,1731,1731,200602040WAS,31.1,6.0,3rd quarter,6:26.0,Antawn Jamison,WAS,True,2-pointer,7,66-41,'WAS',leads
1732,1732,1732,200602040WAS,24.0,6.8,3rd quarter,4:34.0,Gilbert Arenas,WAS,False,2-pointer,2,68-51,'WAS',leads
1733,1733,1733,200602040WAS,17.4,22.8,3rd quarter,4:27.0,Antawn Jamison,WAS,False,2-pointer,19,68-51,'WAS',leads
1734,1734,1734,200602040WAS,21.2,7.6,3rd quarter,3:55.0,Andray Blatche,WAS,False,2-pointer,4,68-52,'WAS',leads
1735,1735,1735,200602040WAS,27.1,5.7,3rd quarter,2:50.0,Etan Thomas,WAS,False,2-pointer,3,70-56,'WAS',leads
1736,1736,1736,200602040WAS,21.7,7.6,3rd quarter,2:24.0,Gilbert Arenas,WAS,True,2-pointer,3,72-58,'WAS',leads
1737,1737,1737,200602040WAS,47.5,5.5,3rd quarter,1:51.0,Antawn Jamison,WAS,False,3-pointer,24,73-59,'WAS',leads
1738,1738,1738,200602040WAS,45.8,19.6,3rd quarter,0:20.9,Gilbert Arenas,WAS,False,3-pointer,26,75-69,'WAS',leads
1739,1739,1739,200602040WAS,26.4,6.3,3rd quarter,0:14.3,Antawn Jamison,WAS,True,2-pointer,3,77-69,'WAS',leads
1740,1740,1740,200602040WAS,39.1,17.0,4th quarter,11:20.0,Caron Butler,WAS,False,2-pointer,19,78-73,'WAS',leads
1741,1741,1741,200602040WAS,25.9,6.3,4th quarter,10:55.0,Antawn Jamison,WAS,True,2-pointer,2,80-73,'WAS',leads
1742,1742,1742,200602040WAS,37.8,27.5,4th quarter,10:19.0,Antonio Daniels,WAS,True,3-pointer,26,83-75,'WAS',leads
1743,1743,1743,200602040WAS,8.2,11.1,4th quarter,9:35.0,Antawn Jamison,WAS,False,2-pointer,17,83-75,'WAS',leads
1744,1744,1744,200602040WAS,40.1,14.9,4th quarter,8:26.0,Donell Taylor,WAS,False,2-pointer,19,85-75,'WAS',leads
1745,1745,1745,200602040WAS,9.5,9.9,4th quarter,7:36.0,Gilbert Arenas,WAS,False,2-pointer,15,85-75,'WAS',leads
1746,1746,1746,200602040WAS,29.1,6.8,4th quarter,6:31.0,Antonio Daniels,WAS,False,2-pointer,5,85-77,'WAS',leads
1747,1747,1747,200602040WAS,4.0,22.9,4th quarter,6:23.0,Antawn Jamison,WAS,True,3-pointer,27,88-77,'WAS',leads
1748,1748,1748,200602040WAS,10.5,8.8,4th quarter,5:38.0,Caron Butler,WAS,False,2-pointer,14,88-77,'WAS',leads
1749,1749,1749,200602040WAS,48.0,7.8,4th quarter,5:01.0,Antawn Jamison,WAS,False,3-pointer,24,88-77,'WAS',leads
1750,1750,1750,200602040WAS,25.8,9.5,4th quarter,4:04.0,Brendan Haywood,WAS,False,2-pointer,5,90-78,'WAS',leads
1751,1751,1751,200602040WAS,11.0,12.4,4th quarter,3:44.0,Gilbert Arenas,WAS,False,2-pointer,15,90-78,'WAS',leads
1752,1752,1752,200602040WAS,5.9,23.4,4th quarter,2:54.0,Gilbert Arenas,WAS,False,3-pointer,26,90-79,'WAS',leads
1753,1753,1753,200602040WAS,41.1,9.0,4th quarter,2:20.0,Caron Butler,WAS,False,2-pointer,18,90-81,'WAS',leads
1754,1754,1754,200602040WAS,25.0,6.7,4th quarter,2:05.0,Caron Butler,WAS,True,2-pointer,2,92-81,'WAS',leads
