,Unnamed: 0.1,Unnamed: 0,match_id,shotX,shotY,quarter,time_remaining,player,team,made,shot_type,distance,score,opp,status
0,0,0,200902080BOS,3.3,4.8,1st quarter,11:41.0,Matt Bonner,SAS,True,2-pointer,21,2-0,'SAS',leads
1,1,1,200902080BOS,44.9,4.5,1st quarter,10:54.0,Matt Bonner,SAS,False,2-pointer,21,2-2,'SAS',tied
2,2,2,200902080BOS,1.1,5.9,1st quarter,10:28.0,Roger Mason,SAS,True,3-pointer,23,5-2,'SAS',leads
3,3,3,200902080BOS,24.4,30.5,1st quarter,9:53.0,Roger Mason,SAS,False,3-pointer,26,5-4,'SAS',leads
4,4,4,200902080BOS,22.7,5.4,1st quarter,9:34.0,Tony Parker,SAS,True,2-pointer,1,7-4,'SAS',leads
5,5,5,200902080BOS,7.6,8.7,1st quarter,8:56.0,Tim Duncan,SAS,True,2-pointer,17,9-4,'SAS',leads
6,6,6,200902080BOS,22.4,9.8,1st quarter,8:29.0,Tony Parker,SAS,False,2-pointer,5,9-6,'SAS',leads
7,7,7,200902080BOS,32.0,7.5,1st quarter,8:00.0,Tim Duncan,SAS,False,2-pointer,8,9-6,'SAS',leads
8,8,8,200902080BOS,42.7,7.0,1st quarter,7:29.0,Tony Parker,SAS,False,2-pointer,19,9-8,'SAS',leads
9,9,9,200902080BOS,24.0,5.0,1st quarter,7:26.0,Matt Bonner,SAS,False,2-pointer,0,9-8,'SAS',leads
10,10,10,200902080BOS,24.1,5.6,1st quarter,7:25.0,Tim Duncan,SAS,True,2-pointer,1,11-8,'SAS',leads
11,11,11,200902080BOS,31.5,28.0,1st quarter,5:39.0,Manu Ginóbili,SAS,False,3-pointer,24,11-11,'SAS',tied
12,12,12,200902080BOS,1.1,5.3,1st quarter,5:12.0,Tony Parker,SAS,True,3-pointer,23,14-11,'SAS',leads
13,13,13,200902080BOS,42.2,22.3,1st quarter,4:39.0,Roger Mason,SAS,False,3-pointer,25,14-11,'SAS',leads
14,14,14,200902080BOS,23.2,5.7,1st quarter,4:12.0,Tim Duncan,SAS,False,2-pointer,1,14-13,'SAS',leads
15,15,15,200902080BOS,24.1,24.5,1st quarter,3:24.0,Tim Duncan,SAS,True,2-pointer,20,16-17,'SAS',trails
16,16,16,200902080BOS,37.8,6.7,1st quarter,2:04.0,Michael Finley,SAS,False,2-pointer,14,16-21,'SAS',trails
17,17,17,200902080BOS,25.5,5.1,1st quarter,1:24.0,Manu Ginóbili,SAS,True,2-pointer,2,18-23,'SAS',trails
18,18,18,200902080BOS,25.2,8.9,1st quarter,0:56.8,Tim Duncan,SAS,True,2-pointer,4,20-23,'SAS',trails
19,19,19,200902080BOS,22.9,24.0,1st quarter,0:16.7,Manu Ginóbili,SAS,True,2-pointer,19,22-23,'SAS',trails
20,20,20,200902080BOS,47.0,14.6,2nd quarter,11:29.0,Manu Ginóbili,SAS,True,3-pointer,25,25-25,'SAS',tied
21,21,21,200902080BOS,42.7,7.0,2nd quarter,10:52.0,Kurt Thomas,SAS,True,2-pointer,19,27-28,'SAS',trails
22,22,22,200902080BOS,24.1,5.1,2nd quarter,10:11.0,Kurt Thomas,SAS,False,2-pointer,0,27-30,'SAS',trails
23,23,23,200902080BOS,18.1,15.1,2nd quarter,9:23.0,Michael Finley,SAS,True,2-pointer,12,29-32,'SAS',trails
24,24,24,200902080BOS,2.0,10.3,2nd quarter,8:51.0,Matt Bonner,SAS,True,3-pointer,23,32-34,'SAS',trails
25,25,25,200902080BOS,29.4,10.6,2nd quarter,7:32.0,Matt Bonner,SAS,True,2-pointer,8,36-36,'SAS',tied
26,26,26,200902080BOS,24.9,4.4,2nd quarter,7:05.0,Tony Parker,SAS,False,2-pointer,1,36-37,'SAS',trails
27,27,27,200902080BOS,24.1,5.9,2nd quarter,7:03.0,Matt Bonner,SAS,True,2-pointer,1,38-37,'SAS',leads
28,28,28,200902080BOS,23.5,5.0,2nd quarter,6:44.0,Tony Parker,SAS,False,2-pointer,1,38-37,'SAS',leads
29,29,29,200902080BOS,47.3,4.2,2nd quarter,6:06.0,Tony Parker,SAS,False,3-pointer,23,40-39,'SAS',leads
30,30,30,200902080BOS,26.6,10.0,2nd quarter,5:34.0,Matt Bonner,SAS,True,2-pointer,6,42-41,'SAS',leads
31,31,31,200902080BOS,30.5,13.3,2nd quarter,4:53.0,Matt Bonner,SAS,True,2-pointer,11,44-43,'SAS',leads
32,32,32,200902080BOS,18.9,20.9,2nd quarter,4:21.0,Tim Duncan,SAS,True,2-pointer,17,46-43,'SAS',leads
33,33,33,200902080BOS,8.8,23.6,2nd quarter,3:58.0,Roger Mason,SAS,False,3-pointer,24,46-43,'SAS',leads
34,34,34,200902080BOS,34.5,27.7,2nd quarter,3:25.0,Matt Bonner,SAS,True,3-pointer,25,49-45,'SAS',leads
35,35,35,200902080BOS,37.6,25.5,2nd quarter,2:53.0,Matt Bonner,SAS,False,3-pointer,25,49-47,'SAS',leads
36,36,36,200902080BOS,24.1,5.0,2nd quarter,2:17.0,Roger Mason,SAS,True,2-pointer,0,51-49,'SAS',leads
37,37,37,200902080BOS,25.0,5.6,2nd quarter,1:52.0,Manu Ginóbili,SAS,True,2-pointer,1,53-49,'SAS',leads
38,38,38,200902080BOS,32.4,5.0,2nd quarter,1:02.0,Tim Duncan,SAS,True,2-pointer,8,56-51,'SAS',leads
39,39,39,200902080BOS,24.9,5.9,2nd quarter,0:40.0,Tony Parker,SAS,True,2-pointer,1,58-51,'SAS',leads
40,40,40,200902080BOS,23.5,7.2,2nd quarter,0:04.2,Manu Ginóbili,SAS,False,2-pointer,2,58-52,'SAS',leads
41,41,41,200902080BOS,8.8,9.7,3rd quarter,11:26.0,Tim Duncan,SAS,False,2-pointer,16,60-54,'SAS',leads
42,42,42,200902080BOS,6.8,6.2,3rd quarter,10:52.0,Roger Mason,SAS,False,2-pointer,17,60-56,'SAS',leads
43,43,43,200902080BOS,31.7,21.4,3rd quarter,9:36.0,Tim Duncan,SAS,False,2-pointer,18,60-60,'SAS',tied
44,44,44,200902080BOS,29.9,19.6,3rd quarter,9:08.0,Tony Parker,SAS,False,2-pointer,16,60-60,'SAS',tied
45,45,45,200902080BOS,13.7,19.9,3rd quarter,8:15.0,Tony Parker,SAS,False,2-pointer,18,60-62,'SAS',trails
46,46,46,200902080BOS,9.0,8.3,3rd quarter,7:45.0,Tim Duncan,SAS,True,2-pointer,15,62-64,'SAS',trails
47,47,47,200902080BOS,31.8,22.9,3rd quarter,7:19.0,Roger Mason,SAS,False,2-pointer,20,62-64,'SAS',trails
48,48,48,200902080BOS,5.3,5.4,3rd quarter,6:34.0,Matt Bonner,SAS,True,2-pointer,19,64-66,'SAS',trails
49,49,49,200902080BOS,35.0,7.6,3rd quarter,6:01.0,Matt Bonner,SAS,False,2-pointer,11,64-66,'SAS',trails
50,50,50,200902080BOS,1.2,11.3,3rd quarter,5:30.0,Bruce Bowen,SAS,False,3-pointer,24,64-68,'SAS',trails
51,51,51,200902080BOS,23.5,5.7,3rd quarter,5:04.0,Manu Ginóbili,SAS,True,2-pointer,1,66-68,'SAS',trails
52,52,52,200902080BOS,47.0,7.2,3rd quarter,4:22.0,Tony Parker,SAS,False,3-pointer,23,66-70,'SAS',trails
53,53,53,200902080BOS,32.4,28.3,3rd quarter,3:53.0,Matt Bonner,SAS,True,3-pointer,25,69-72,'SAS',trails
54,54,54,200902080BOS,24.1,5.4,3rd quarter,3:25.0,Tim Duncan,SAS,True,2-pointer,0,71-72,'SAS',trails
55,55,55,200902080BOS,1.4,11.9,3rd quarter,3:06.0,Manu Ginóbili,SAS,True,3-pointer,24,74-72,'SAS',leads
56,56,56,200902080BOS,2.5,8.1,3rd quarter,2:20.0,Bruce Bowen,SAS,False,2-pointer,22,74-74,'SAS',tied
57,57,57,200902080BOS,21.7,5.3,3rd quarter,1:12.0,Tim Duncan,SAS,False,2-pointer,2,74-76,'SAS',trails
58,58,58,200902080BOS,1.2,5.7,3rd quarter,0:30.9,Michael Finley,SAS,False,3-pointer,23,74-76,'SAS',trails
59,59,59,200902080BOS,38.1,6.5,4th quarter,11:47.0,Kurt Thomas,SAS,False,2-pointer,14,74-76,'SAS',trails
60,60,60,200902080BOS,15.0,19.0,4th quarter,11:35.0,Manu Ginóbili,SAS,False,2-pointer,17,74-76,'SAS',trails
61,61,61,200902080BOS,9.8,8.6,4th quarter,10:51.0,Kurt Thomas,SAS,True,2-pointer,15,76-76,'SAS',tied
62,62,62,200902080BOS,6.9,19.6,4th quarter,10:09.0,George Hill,SAS,True,2-pointer,22,78-76,'SAS',leads
63,63,63,200902080BOS,46.6,5.0,4th quarter,9:34.0,Matt Bonner,SAS,False,3-pointer,23,78-78,'SAS',tied
64,64,64,200902080BOS,19.9,6.4,4th quarter,9:31.0,Kurt Thomas,SAS,True,2-pointer,4,80-78,'SAS',leads
65,65,65,200902080BOS,8.0,19.3,4th quarter,8:36.0,George Hill,SAS,True,2-pointer,21,83-78,'SAS',leads
66,66,66,200902080BOS,25.8,5.0,4th quarter,7:52.0,George Hill,SAS,True,2-pointer,2,85-80,'SAS',leads
67,67,67,200902080BOS,3.9,17.3,4th quarter,7:17.0,Matt Bonner,SAS,False,2-pointer,24,85-80,'SAS',leads
68,68,68,200902080BOS,17.3,23.7,4th quarter,6:29.0,Michael Finley,SAS,False,2-pointer,20,85-80,'SAS',leads
69,69,69,200902080BOS,13.4,13.5,4th quarter,6:03.0,Tim Duncan,SAS,False,2-pointer,14,85-83,'SAS',leads
70,70,70,200902080BOS,24.1,5.7,4th quarter,6:02.0,Fabricio Oberto,SAS,True,2-pointer,1,87-83,'SAS',leads
71,71,71,200902080BOS,8.2,12.7,4th quarter,4:47.0,Tim Duncan,SAS,False,2-pointer,18,87-85,'SAS',leads
72,72,72,200902080BOS,24.0,4.0,4th quarter,4:25.0,Tony Parker,SAS,False,2-pointer,1,87-85,'SAS',leads
73,73,73,200902080BOS,24.4,5.0,4th quarter,3:52.0,Manu Ginóbili,SAS,False,2-pointer,0,87-87,'SAS',tied
74,74,74,200902080BOS,24.4,5.0,4th quarter,3:52.0,Tim Duncan,SAS,True,2-pointer,0,89-87,'SAS',leads
75,75,75,200902080BOS,4.7,20.6,4th quarter,3:21.0,Matt Bonner,SAS,False,3-pointer,25,90-87,'SAS',leads
76,76,76,200902080BOS,47.0,7.3,4th quarter,2:35.0,Manu Ginóbili,SAS,False,3-pointer,23,90-89,'SAS',leads
77,77,77,200902080BOS,21.3,31.5,4th quarter,1:19.0,Roger Mason,SAS,False,3-pointer,27,90-93,'SAS',trails
78,78,78,200902080BOS,23.3,18.7,4th quarter,0:45.1,Matt Bonner,SAS,True,2-pointer,14,92-93,'SAS',trails
79,79,79,200902080BOS,26.3,29.4,4th quarter,0:20.4,Roger Mason,SAS,True,3-pointer,25,95-93,'SAS',leads
80,80,80,200902080BOS,38.6,12.4,1st quarter,11:17.0,Rajon Rondo,BOS,True,2-pointer,16,2-2,'SAS',tied
81,81,81,200902080BOS,6.3,6.5,1st quarter,10:45.0,Kevin Garnett,BOS,False,2-pointer,18,2-2,'SAS',tied
82,82,82,200902080BOS,16.7,22.8,1st quarter,10:12.0,Ray Allen,BOS,True,2-pointer,19,4-5,'SAS',trails
83,83,83,200902080BOS,25.0,7.2,1st quarter,9:43.0,Rajon Rondo,BOS,False,2-pointer,2,4-5,'SAS',trails
84,84,84,200902080BOS,25.2,4.8,1st quarter,9:19.0,Paul Pierce,BOS,False,2-pointer,1,4-7,'SAS',trails
85,85,85,200902080BOS,26.8,10.6,1st quarter,8:43.0,Kevin Garnett,BOS,True,2-pointer,6,6-9,'SAS',trails
86,86,86,200902080BOS,24.6,7.3,1st quarter,8:17.0,Paul Pierce,BOS,False,2-pointer,2,6-9,'SAS',trails
87,87,87,200902080BOS,25.5,5.6,1st quarter,7:47.0,Paul Pierce,BOS,True,2-pointer,2,8-9,'SAS',trails
88,88,88,200902080BOS,36.4,6.4,1st quarter,7:16.0,Kevin Garnett,BOS,False,2-pointer,12,8-11,'SAS',trails
89,89,89,200902080BOS,12.9,4.5,1st quarter,6:59.0,Ray Allen,BOS,False,2-pointer,11,8-11,'SAS',trails
90,90,90,200902080BOS,24.4,6.2,1st quarter,6:21.0,Ray Allen,BOS,True,2-pointer,1,10-11,'SAS',trails
91,91,91,200902080BOS,36.1,9.8,1st quarter,5:56.0,Ray Allen,BOS,False,2-pointer,13,11-11,'SAS',tied
92,92,92,200902080BOS,25.7,24.2,1st quarter,5:29.0,Kevin Garnett,BOS,False,2-pointer,19,11-11,'SAS',tied
93,93,93,200902080BOS,18.3,28.9,1st quarter,4:50.0,Paul Pierce,BOS,False,3-pointer,25,11-14,'SAS',trails
94,94,94,200902080BOS,23.8,5.1,1st quarter,4:32.0,Ray Allen,BOS,True,2-pointer,0,13-14,'SAS',trails
95,95,95,200902080BOS,22.7,5.6,1st quarter,4:05.0,Rajon Rondo,BOS,True,2-pointer,1,15-14,'SAS',leads
96,96,96,200902080BOS,25.3,4.5,1st quarter,3:44.0,Paul Pierce,BOS,True,2-pointer,1,17-14,'SAS',leads
97,97,97,200902080BOS,14.5,20.6,1st quarter,2:56.0,Ray Allen,BOS,True,2-pointer,18,19-16,'SAS',leads
98,98,98,200902080BOS,29.3,14.7,1st quarter,2:44.0,Kevin Garnett,BOS,True,2-pointer,11,21-16,'SAS',leads
99,99,99,200902080BOS,18.9,9.5,1st quarter,1:49.0,Kendrick Perkins,BOS,True,2-pointer,7,23-16,'SAS',leads
100,100,100,200902080BOS,24.4,11.3,1st quarter,1:05.0,Rajon Rondo,BOS,False,2-pointer,6,23-18,'SAS',leads
101,101,101,200902080BOS,39.9,19.0,1st quarter,0:38.9,Tony Allen,BOS,False,2-pointer,21,23-20,'SAS',leads
102,102,102,200902080BOS,18.3,23.1,1st quarter,0:33.9,Rajon Rondo,BOS,False,2-pointer,19,23-20,'SAS',leads
103,103,103,200902080BOS,28.7,16.5,1st quarter,0:01.0,Rajon Rondo,BOS,False,2-pointer,12,23-22,'SAS',leads
104,104,104,200902080BOS,17.6,28.5,2nd quarter,11:10.0,Ray Allen,BOS,True,3-pointer,24,28-25,'SAS',leads
105,105,105,200902080BOS,30.1,13.4,2nd quarter,10:30.0,Ray Allen,BOS,False,2-pointer,10,28-27,'SAS',leads
106,106,106,200902080BOS,25.8,5.7,2nd quarter,10:28.0,Leon Powe,BOS,True,2-pointer,2,30-27,'SAS',leads
107,107,107,200902080BOS,23.8,6.9,2nd quarter,9:53.0,Leon Powe,BOS,False,2-pointer,2,30-27,'SAS',leads
108,108,108,200902080BOS,23.6,5.4,2nd quarter,9:51.0,Tony Allen,BOS,True,2-pointer,1,32-27,'SAS',leads
109,109,109,200902080BOS,18.0,17.4,2nd quarter,9:05.0,Tony Allen,BOS,True,2-pointer,14,34-29,'SAS',leads
110,110,110,200902080BOS,33.1,27.7,2nd quarter,8:22.0,Tony Allen,BOS,False,3-pointer,24,34-32,'SAS',leads
111,111,111,200902080BOS,5.8,4.7,2nd quarter,7:52.0,Eddie House,BOS,True,2-pointer,18,36-34,'SAS',leads
112,112,112,200902080BOS,24.6,5.0,2nd quarter,6:33.0,Paul Pierce,BOS,True,2-pointer,1,39-40,'SAS',trails
113,113,113,200902080BOS,23.8,5.7,2nd quarter,5:59.0,Rajon Rondo,BOS,True,2-pointer,1,41-40,'SAS',leads
114,114,114,200902080BOS,26.0,10.6,2nd quarter,5:13.0,Tony Allen,BOS,True,2-pointer,6,43-42,'SAS',leads
115,115,115,200902080BOS,28.8,21.2,2nd quarter,4:31.0,Kevin Garnett,BOS,False,2-pointer,17,43-44,'SAS',trails
116,116,116,200902080BOS,23.5,13.5,2nd quarter,4:03.0,Rajon Rondo,BOS,False,2-pointer,9,43-46,'SAS',trails
117,117,117,200902080BOS,31.5,20.1,2nd quarter,3:45.0,Paul Pierce,BOS,False,2-pointer,17,43-46,'SAS',trails
118,118,118,200902080BOS,24.7,5.4,2nd quarter,3:40.0,Kendrick Perkins,BOS,True,2-pointer,1,45-46,'SAS',trails
119,119,119,200902080BOS,8.0,5.4,2nd quarter,3:12.0,Kevin Garnett,BOS,True,2-pointer,16,47-49,'SAS',trails
120,120,120,200902080BOS,24.1,5.6,2nd quarter,2:38.0,Paul Pierce,BOS,True,2-pointer,1,49-49,'SAS',tied
121,121,121,200902080BOS,38.7,13.2,2nd quarter,1:30.0,Kendrick Perkins,BOS,True,2-pointer,17,51-54,'SAS',trails
122,122,122,200902080BOS,25.2,5.4,2nd quarter,0:47.9,Paul Pierce,BOS,False,2-pointer,1,51-56,'SAS',trails
123,123,123,200902080BOS,21.4,18.7,3rd quarter,11:45.0,Paul Pierce,BOS,True,2-pointer,14,54-60,'SAS',trails
124,124,124,200902080BOS,16.2,6.1,3rd quarter,11:14.0,Kevin Garnett,BOS,True,2-pointer,8,56-60,'SAS',trails
125,125,125,200902080BOS,13.7,6.4,3rd quarter,10:40.0,Kevin Garnett,BOS,False,2-pointer,10,56-60,'SAS',trails
126,126,126,200902080BOS,20.5,5.3,3rd quarter,10:26.0,Kendrick Perkins,BOS,True,2-pointer,4,58-60,'SAS',trails
127,127,127,200902080BOS,23.6,22.6,3rd quarter,9:57.0,Kevin Garnett,BOS,True,2-pointer,18,60-60,'SAS',tied
128,128,128,200902080BOS,24.9,24.0,3rd quarter,9:17.0,Rajon Rondo,BOS,False,2-pointer,19,60-60,'SAS',tied
129,129,129,200902080BOS,12.3,8.0,3rd quarter,8:42.0,Kevin Garnett,BOS,False,2-pointer,12,60-60,'SAS',tied
130,130,130,200902080BOS,24.2,5.0,3rd quarter,8:37.0,Kendrick Perkins,BOS,True,2-pointer,0,62-60,'SAS',leads
131,131,131,200902080BOS,24.0,5.7,3rd quarter,8:10.0,Kevin Garnett,BOS,True,2-pointer,1,64-60,'SAS',leads
132,132,132,200902080BOS,9.9,9.8,3rd quarter,7:29.0,Kevin Garnett,BOS,False,2-pointer,15,64-62,'SAS',leads
133,133,133,200902080BOS,24.6,4.7,3rd quarter,6:52.0,Kevin Garnett,BOS,True,2-pointer,1,66-62,'SAS',leads
134,134,134,200902080BOS,24.7,5.0,3rd quarter,5:54.0,Kevin Garnett,BOS,True,2-pointer,1,68-64,'SAS',leads
135,135,135,200902080BOS,26.3,3.9,3rd quarter,5:10.0,Ray Allen,BOS,False,2-pointer,3,68-64,'SAS',leads
136,136,136,200902080BOS,27.7,15.4,3rd quarter,4:40.0,Paul Pierce,BOS,True,2-pointer,11,70-66,'SAS',leads
137,137,137,200902080BOS,23.8,5.7,3rd quarter,4:15.0,Paul Pierce,BOS,True,2-pointer,1,72-66,'SAS',leads
138,138,138,200902080BOS,23.3,5.6,3rd quarter,3:31.0,Rajon Rondo,BOS,False,2-pointer,1,72-69,'SAS',leads
139,139,139,200902080BOS,18.1,28.5,3rd quarter,3:11.0,Ray Allen,BOS,False,3-pointer,24,72-71,'SAS',leads
140,140,140,200902080BOS,37.3,6.9,3rd quarter,2:39.0,Ray Allen,BOS,True,2-pointer,13,74-74,'SAS',tied
141,141,141,200902080BOS,8.5,5.0,3rd quarter,2:03.0,Ray Allen,BOS,True,2-pointer,16,76-74,'SAS',leads
142,142,142,200902080BOS,23.5,13.8,3rd quarter,0:47.9,Ray Allen,BOS,False,2-pointer,9,76-74,'SAS',leads
143,143,143,200902080BOS,33.5,14.3,3rd quarter,0:07.9,Paul Pierce,BOS,False,2-pointer,13,76-74,'SAS',leads
144,144,144,200902080BOS,36.5,22.5,4th quarter,11:08.0,Leon Powe,BOS,False,2-pointer,22,76-74,'SAS',leads
145,145,145,200902080BOS,16.4,19.6,4th quarter,10:32.0,Glen Davis,BOS,False,2-pointer,16,76-76,'SAS',tied
146,146,146,200902080BOS,23.5,5.0,4th quarter,9:54.0,Paul Pierce,BOS,True,2-pointer,1,78-78,'SAS',tied
147,147,147,200902080BOS,11.5,12.7,4th quarter,7:29.0,Kevin Garnett,BOS,False,2-pointer,15,80-85,'SAS',trails
148,148,148,200902080BOS,47.3,7.2,4th quarter,7:03.0,Tony Allen,BOS,False,3-pointer,23,80-85,'SAS',trails
149,149,149,200902080BOS,46.3,18.8,4th quarter,6:53.0,Ray Allen,BOS,False,3-pointer,26,80-85,'SAS',trails
150,150,150,200902080BOS,24.4,4.5,4th quarter,6:20.0,Tony Allen,BOS,True,2-pointer,1,82-85,'SAS',trails
151,151,151,200902080BOS,33.2,19.6,4th quarter,5:34.0,Kevin Garnett,BOS,False,2-pointer,17,83-87,'SAS',trails
152,152,152,200902080BOS,25.3,5.0,4th quarter,5:26.0,Kevin Garnett,BOS,False,2-pointer,1,83-87,'SAS',trails
153,153,153,200902080BOS,24.7,5.4,4th quarter,5:06.0,Paul Pierce,BOS,True,2-pointer,1,85-87,'SAS',trails
154,154,154,200902080BOS,9.4,16.3,4th quarter,4:37.0,Paul Pierce,BOS,False,2-pointer,18,85-87,'SAS',trails
155,155,155,200902080BOS,24.9,5.4,4th quarter,4:17.0,Kevin Garnett,BOS,True,2-pointer,1,87-87,'SAS',tied
156,156,156,200902080BOS,24.1,29.2,4th quarter,3:41.0,Ray Allen,BOS,False,3-pointer,24,87-90,'SAS',trails
157,157,157,200902080BOS,34.3,22.6,4th quarter,2:57.0,Ray Allen,BOS,True,2-pointer,20,89-90,'SAS',trails
158,158,158,200902080BOS,23.3,4.7,4th quarter,2:27.0,Rajon Rondo,BOS,False,2-pointer,1,89-90,'SAS',trails
159,159,159,200902080BOS,3.6,4.7,4th quarter,2:17.0,Kevin Garnett,BOS,True,2-pointer,20,91-90,'SAS',leads
160,160,160,200902080BOS,31.5,21.8,4th quarter,1:36.0,Kevin Garnett,BOS,True,2-pointer,18,93-90,'SAS',leads
161,161,161,200902080BOS,26.8,5.9,4th quarter,0:56.9,Ray Allen,BOS,False,2-pointer,3,93-90,'SAS',leads
162,162,162,200902080BOS,31.2,21.2,4th quarter,0:28.9,Kevin Garnett,BOS,False,2-pointer,18,93-92,'SAS',leads
163,163,163,200902080BOS,0.5,5.0,4th quarter,0:16.9,Paul Pierce,BOS,False,3-pointer,24,93-99,'SAS',trails
164,164,164,200902080BOS,46.0,19.5,4th quarter,0:09.8,Eddie House,BOS,True,3-pointer,26,96-101,'SAS',trails
165,165,165,200902080BOS,38.1,26.1,4th quarter,0:05.8,Kevin Garnett,BOS,True,3-pointer,25,99-102,'SAS',trails
166,166,166,200902080CLE,40.0,14.4,1st quarter,11:44.0,Kobe Bryant,LAL,False,2-pointer,19,0-0,'LAL',tied
167,167,167,200902080CLE,24.0,5.6,1st quarter,11:14.0,Pau Gasol,LAL,True,2-pointer,1,2-2,'LAL',tied
168,168,168,200902080CLE,24.0,5.3,1st quarter,10:26.0,Lamar Odom,LAL,True,2-pointer,0,4-5,'LAL',trails
169,169,169,200902080CLE,19.5,20.1,1st quarter,10:04.0,Luke Walton,LAL,False,2-pointer,16,4-5,'LAL',trails
170,170,170,200902080CLE,25.8,11.4,1st quarter,9:20.0,Kobe Bryant,LAL,True,2-pointer,7,6-7,'LAL',trails
171,171,171,200902080CLE,35.4,27.2,1st quarter,8:48.0,Derek Fisher,LAL,False,3-pointer,25,6-9,'LAL',trails
172,172,172,200902080CLE,18.8,12.2,1st quarter,8:37.0,Kobe Bryant,LAL,True,2-pointer,9,8-9,'LAL',trails
173,173,173,200902080CLE,24.0,6.2,1st quarter,7:43.0,Kobe Bryant,LAL,True,2-pointer,1,10-9,'LAL',leads
174,174,174,200902080CLE,24.4,8.7,1st quarter,7:12.0,Pau Gasol,LAL,True,2-pointer,4,13-11,'LAL',leads
175,175,175,200902080CLE,26.6,10.6,1st quarter,6:48.0,Pau Gasol,LAL,False,2-pointer,6,13-11,'LAL',leads
176,176,176,200902080CLE,39.7,6.2,1st quarter,6:14.0,Kobe Bryant,LAL,False,2-pointer,16,13-13,'LAL',tied
177,177,177,200902080CLE,46.3,4.5,1st quarter,5:58.0,Derek Fisher,LAL,True,3-pointer,22,16-13,'LAL',leads
178,178,178,200902080CLE,23.2,5.7,1st quarter,5:34.0,Lamar Odom,LAL,True,2-pointer,1,18-16,'LAL',leads
179,179,179,200902080CLE,31.0,7.2,1st quarter,4:50.0,Pau Gasol,LAL,True,2-pointer,7,20-18,'LAL',leads
180,180,180,200902080CLE,25.2,5.3,1st quarter,4:21.0,Lamar Odom,LAL,True,2-pointer,1,22-20,'LAL',leads
181,181,181,200902080CLE,34.3,7.5,1st quarter,4:00.0,Kobe Bryant,LAL,False,2-pointer,11,22-20,'LAL',leads
182,182,182,200902080CLE,23.8,4.8,1st quarter,3:57.0,Lamar Odom,LAL,False,2-pointer,0,22-20,'LAL',leads
183,183,183,200902080CLE,46.8,7.2,1st quarter,3:46.0,Derek Fisher,LAL,False,3-pointer,23,22-20,'LAL',leads
184,184,184,200902080CLE,21.3,5.4,1st quarter,3:17.0,Lamar Odom,LAL,False,2-pointer,3,22-23,'LAL',trails
185,185,185,200902080CLE,39.9,13.3,1st quarter,2:49.0,Kobe Bryant,LAL,True,2-pointer,18,24-25,'LAL',trails
186,186,186,200902080CLE,27.1,11.1,1st quarter,2:04.0,Pau Gasol,LAL,False,2-pointer,7,24-27,'LAL',trails
187,187,187,200902080CLE,38.7,9.5,1st quarter,1:38.0,Derek Fisher,LAL,True,2-pointer,15,26-27,'LAL',trails
188,188,188,200902080CLE,7.4,7.6,2nd quarter,11:31.0,Kobe Bryant,LAL,False,2-pointer,17,30-32,'LAL',trails
189,189,189,200902080CLE,23.8,5.6,2nd quarter,10:40.0,Pau Gasol,LAL,True,2-pointer,1,32-35,'LAL',trails
190,190,190,200902080CLE,1.1,7.5,2nd quarter,10:05.0,Trevor Ariza,LAL,False,3-pointer,23,32-35,'LAL',trails
191,191,191,200902080CLE,23.3,4.8,2nd quarter,10:01.0,Josh Powell,LAL,False,2-pointer,1,32-35,'LAL',trails
192,192,192,200902080CLE,24.4,5.1,2nd quarter,9:58.0,Pau Gasol,LAL,False,2-pointer,0,32-35,'LAL',trails
193,193,193,200902080CLE,24.4,5.3,2nd quarter,9:26.0,Sasha Vujačić,LAL,True,2-pointer,1,34-37,'LAL',trails
194,194,194,200902080CLE,39.2,19.0,2nd quarter,8:53.0,Jordan Farmar,LAL,True,2-pointer,21,36-37,'LAL',trails
195,195,195,200902080CLE,39.9,7.8,2nd quarter,7:53.0,Lamar Odom,LAL,False,2-pointer,16,36-39,'LAL',trails
196,196,196,200902080CLE,24.0,5.3,2nd quarter,7:25.0,Lamar Odom,LAL,True,2-pointer,0,38-39,'LAL',trails
197,197,197,200902080CLE,24.6,5.3,2nd quarter,7:00.0,Trevor Ariza,LAL,True,2-pointer,1,40-39,'LAL',leads
198,198,198,200902080CLE,11.8,8.1,2nd quarter,6:16.0,Lamar Odom,LAL,False,2-pointer,13,40-39,'LAL',leads
199,199,199,200902080CLE,36.9,20.9,2nd quarter,5:48.0,Trevor Ariza,LAL,True,2-pointer,20,42-42,'LAL',tied
200,200,200,200902080CLE,25.8,7.2,2nd quarter,5:12.0,Jordan Farmar,LAL,False,2-pointer,3,42-42,'LAL',tied
201,201,201,200902080CLE,46.2,12.7,2nd quarter,4:48.0,Jordan Farmar,LAL,False,3-pointer,24,42-44,'LAL',trails
202,202,202,200902080CLE,22.4,13.5,2nd quarter,3:50.0,Pau Gasol,LAL,True,2-pointer,9,45-49,'LAL',trails
203,203,203,200902080CLE,27.6,8.9,2nd quarter,2:35.0,Lamar Odom,LAL,True,2-pointer,5,47-55,'LAL',trails
204,204,204,200902080CLE,27.4,11.4,2nd quarter,1:59.0,Luke Walton,LAL,True,2-pointer,7,49-55,'LAL',trails
205,205,205,200902080CLE,36.5,9.1,2nd quarter,1:21.0,Pau Gasol,LAL,False,2-pointer,13,49-57,'LAL',trails
206,206,206,200902080CLE,29.3,8.9,2nd quarter,1:04.0,Kobe Bryant,LAL,True,2-pointer,7,51-57,'LAL',trails
207,207,207,200902080CLE,18.4,25.5,2nd quarter,0:35.8,Kobe Bryant,LAL,False,2-pointer,21,51-57,'LAL',trails
208,208,208,200902080CLE,0.8,6.5,3rd quarter,11:28.0,Derek Fisher,LAL,True,3-pointer,23,54-63,'LAL',trails
209,209,209,200902080CLE,23.0,5.3,3rd quarter,10:59.0,Lamar Odom,LAL,True,2-pointer,1,56-63,'LAL',trails
210,210,210,200902080CLE,6.8,16.9,3rd quarter,10:07.0,Kobe Bryant,LAL,True,2-pointer,21,58-63,'LAL',trails
211,211,211,200902080CLE,31.0,13.5,3rd quarter,9:37.0,Kobe Bryant,LAL,True,2-pointer,11,60-63,'LAL',trails
212,212,212,200902080CLE,28.7,14.4,3rd quarter,9:08.0,Kobe Bryant,LAL,False,2-pointer,11,60-63,'LAL',trails
213,213,213,200902080CLE,37.6,10.5,3rd quarter,8:39.0,Luke Walton,LAL,True,2-pointer,15,62-63,'LAL',trails
214,214,214,200902080CLE,24.1,5.6,3rd quarter,7:54.0,Luke Walton,LAL,False,2-pointer,1,62-63,'LAL',trails
215,215,215,200902080CLE,38.6,25.5,3rd quarter,6:57.0,Derek Fisher,LAL,False,3-pointer,25,62-65,'LAL',trails
216,216,216,200902080CLE,21.4,12.1,3rd quarter,6:16.0,Derek Fisher,LAL,True,2-pointer,8,64-67,'LAL',trails
217,217,217,200902080CLE,20.8,11.0,3rd quarter,5:49.0,Lamar Odom,LAL,False,2-pointer,7,64-67,'LAL',trails
218,218,218,200902080CLE,8.3,10.8,3rd quarter,5:46.0,Pau Gasol,LAL,False,2-pointer,17,64-67,'LAL',trails
219,219,219,200902080CLE,18.4,13.2,3rd quarter,5:20.0,Derek Fisher,LAL,True,2-pointer,10,66-67,'LAL',trails
220,220,220,200902080CLE,24.0,4.7,3rd quarter,4:20.0,Lamar Odom,LAL,True,2-pointer,0,68-69,'LAL',trails
221,221,221,200902080CLE,23.8,4.4,3rd quarter,3:50.0,Lamar Odom,LAL,True,2-pointer,1,70-69,'LAL',leads
222,222,222,200902080CLE,22.5,9.5,3rd quarter,3:13.0,Lamar Odom,LAL,True,2-pointer,5,72-69,'LAL',leads
223,223,223,200902080CLE,8.5,24.7,3rd quarter,2:30.0,Jordan Farmar,LAL,False,3-pointer,25,73-72,'LAL',leads
224,224,224,200902080CLE,26.9,6.4,3rd quarter,2:19.0,Pau Gasol,LAL,False,2-pointer,3,73-72,'LAL',leads
225,225,225,200902080CLE,8.7,25.1,3rd quarter,1:54.0,Jordan Farmar,LAL,False,3-pointer,25,73-72,'LAL',leads
226,226,226,200902080CLE,23.6,5.0,3rd quarter,1:50.0,Lamar Odom,LAL,True,2-pointer,0,75-72,'LAL',leads
227,227,227,200902080CLE,7.4,26.3,3rd quarter,1:13.0,Kobe Bryant,LAL,False,3-pointer,27,75-74,'LAL',leads
228,228,228,200902080CLE,0.0,8.6,3rd quarter,1:04.0,Luke Walton,LAL,True,3-pointer,24,78-74,'LAL',leads
229,229,229,200902080CLE,46.8,8.7,3rd quarter,0:36.9,Jordan Farmar,LAL,False,3-pointer,23,78-77,'LAL',leads
230,230,230,200902080CLE,23.3,6.5,3rd quarter,0:34.5,Lamar Odom,LAL,True,2-pointer,2,80-77,'LAL',leads
231,231,231,200902080CLE,26.8,10.2,3rd quarter,0:01.0,Pau Gasol,LAL,False,2-pointer,6,80-77,'LAL',leads
232,232,232,200902080CLE,24.2,4.0,3rd quarter,0:00.5,Lamar Odom,LAL,True,2-pointer,1,82-77,'LAL',leads
233,233,233,200902080CLE,7.7,24.0,4th quarter,11:42.0,Sasha Vujačić,LAL,False,3-pointer,25,82-77,'LAL',leads
234,234,234,200902080CLE,25.3,31.0,4th quarter,11:00.0,Sasha Vujačić,LAL,False,3-pointer,26,82-77,'LAL',leads
235,235,235,200902080CLE,38.3,16.6,4th quarter,10:23.0,Trevor Ariza,LAL,False,2-pointer,18,82-77,'LAL',leads
236,236,236,200902080CLE,7.2,6.9,4th quarter,9:44.0,Sasha Vujačić,LAL,True,2-pointer,17,84-77,'LAL',leads
237,237,237,200902080CLE,40.8,8.0,4th quarter,9:10.0,Josh Powell,LAL,False,2-pointer,17,84-77,'LAL',leads
238,238,238,200902080CLE,24.7,5.0,4th quarter,8:48.0,Josh Powell,LAL,True,2-pointer,1,86-77,'LAL',leads
239,239,239,200902080CLE,-0.5,5.6,4th quarter,7:55.0,Trevor Ariza,LAL,False,3-pointer,25,86-78,'LAL',leads
240,240,240,200902080CLE,23.2,5.6,4th quarter,7:27.0,Josh Powell,LAL,True,2-pointer,1,88-78,'LAL',leads
241,241,241,200902080CLE,9.1,20.4,4th quarter,6:53.0,Trevor Ariza,LAL,True,2-pointer,21,90-80,'LAL',leads
242,242,242,200902080CLE,22.5,30.2,4th quarter,6:04.0,Jordan Farmar,LAL,False,3-pointer,25,90-83,'LAL',leads
243,243,243,200902080CLE,24.6,5.4,4th quarter,5:34.0,Trevor Ariza,LAL,False,2-pointer,1,90-83,'LAL',leads
244,244,244,200902080CLE,14.7,16.2,4th quarter,4:47.0,Pau Gasol,LAL,False,2-pointer,15,90-85,'LAL',leads
245,245,245,200902080CLE,24.0,4.7,4th quarter,4:43.0,Lamar Odom,LAL,True,2-pointer,0,92-85,'LAL',leads
246,246,246,200902080CLE,6.3,23.6,4th quarter,4:02.0,Derek Fisher,LAL,False,3-pointer,26,92-87,'LAL',leads
247,247,247,200902080CLE,35.3,11.6,4th quarter,2:49.0,Kobe Bryant,LAL,True,2-pointer,13,95-89,'LAL',leads
248,248,248,200902080CLE,22.7,10.3,4th quarter,1:54.0,Pau Gasol,LAL,False,2-pointer,5,96-89,'LAL',leads
249,249,249,200902080CLE,47.1,7.5,4th quarter,1:35.0,Luke Walton,LAL,False,3-pointer,23,96-89,'LAL',leads
250,250,250,200902080CLE,19.1,21.2,4th quarter,1:04.0,Kobe Bryant,LAL,False,2-pointer,17,98-89,'LAL',leads
251,251,251,200902080CLE,24.1,4.8,4th quarter,1:04.0,Pau Gasol,LAL,True,2-pointer,0,100-89,'LAL',leads
252,252,252,200902080CLE,14.2,33.8,4th quarter,0:13.8,Kobe Bryant,LAL,False,3-pointer,30,100-91,'LAL',leads
253,253,253,200902080CLE,32.0,24.2,1st quarter,11:25.0,LeBron James,CLE,True,2-pointer,21,2-0,'LAL',leads
254,254,254,200902080CLE,47.0,7.0,1st quarter,10:42.0,Mo Williams,CLE,True,3-pointer,23,5-2,'LAL',leads
255,255,255,200902080CLE,44.3,5.4,1st quarter,10:32.0,Mo Williams,CLE,False,2-pointer,20,5-2,'LAL',leads
256,256,256,200902080CLE,37.8,21.2,1st quarter,9:50.0,Zydrunas Ilgauskas,CLE,False,2-pointer,21,5-4,'LAL',leads
257,257,257,200902080CLE,25.0,5.3,1st quarter,9:37.0,Zydrunas Ilgauskas,CLE,True,2-pointer,1,7-4,'LAL',leads
258,258,258,200902080CLE,7.4,15.7,1st quarter,8:56.0,Zydrunas Ilgauskas,CLE,True,2-pointer,20,9-6,'LAL',leads
259,259,259,200902080CLE,43.5,15.4,1st quarter,8:19.0,LeBron James,CLE,False,2-pointer,22,9-8,'LAL',leads
260,260,260,200902080CLE,18.9,11.1,1st quarter,8:00.0,Mo Williams,CLE,False,2-pointer,8,9-8,'LAL',leads
261,261,261,200902080CLE,24.2,5.3,1st quarter,7:26.0,LeBron James,CLE,True,2-pointer,0,11-11,'LAL',tied
262,262,262,200902080CLE,28.7,24.4,1st quarter,6:57.0,Zydrunas Ilgauskas,CLE,False,2-pointer,20,11-13,'LAL',trails
263,263,263,200902080CLE,35.9,20.7,1st quarter,6:36.0,Zydrunas Ilgauskas,CLE,True,2-pointer,20,13-13,'LAL',tied
264,264,264,200902080CLE,9.8,16.6,1st quarter,6:06.0,Mo Williams,CLE,False,2-pointer,18,13-13,'LAL',tied
265,265,265,200902080CLE,17.8,28.8,1st quarter,5:46.0,Sasha Pavlović,CLE,True,3-pointer,25,16-16,'LAL',tied
266,266,266,200902080CLE,25.3,6.4,1st quarter,5:07.0,Zydrunas Ilgauskas,CLE,False,2-pointer,2,16-18,'LAL',trails
267,267,267,200902080CLE,25.2,4.8,1st quarter,5:05.0,Ben Wallace,CLE,True,2-pointer,1,18-18,'LAL',tied
268,268,268,200902080CLE,23.8,4.7,1st quarter,3:54.0,LeBron James,CLE,False,2-pointer,0,20-22,'LAL',trails
269,269,269,200902080CLE,0.8,5.6,1st quarter,3:37.0,Mo Williams,CLE,True,3-pointer,23,23-22,'LAL',leads
270,270,270,200902080CLE,28.2,25.0,1st quarter,3:04.0,Zydrunas Ilgauskas,CLE,True,2-pointer,20,25-22,'LAL',leads
271,271,271,200902080CLE,7.4,8.4,1st quarter,2:25.0,Zydrunas Ilgauskas,CLE,True,2-pointer,17,27-24,'LAL',leads
272,272,272,200902080CLE,24.2,5.6,1st quarter,1:54.0,Anderson Varejão,CLE,False,2-pointer,1,27-24,'LAL',leads
273,273,273,200902080CLE,25.5,4.0,1st quarter,1:49.0,Anderson Varejão,CLE,False,2-pointer,2,27-24,'LAL',leads
274,274,274,200902080CLE,24.9,15.2,1st quarter,1:20.0,Wally Szczerbiak,CLE,False,2-pointer,10,27-26,'LAL',leads
275,275,275,200902080CLE,25.0,37.1,1st quarter,1:14.0,LeBron James,CLE,False,3-pointer,32,27-26,'LAL',leads
276,276,276,200902080CLE,38.3,25.8,1st quarter,1:00.0,Daniel Gibson,CLE,False,3-pointer,25,27-26,'LAL',leads
277,277,277,200902080CLE,0.6,10.8,1st quarter,0:23.9,Wally Szczerbiak,CLE,True,3-pointer,24,30-28,'LAL',leads
278,278,278,200902080CLE,23.0,5.3,1st quarter,0:01.9,Sasha Pavlović,CLE,True,2-pointer,1,32-30,'LAL',leads
279,279,279,200902080CLE,2.8,10.0,2nd quarter,11:40.0,Wally Szczerbiak,CLE,False,2-pointer,22,32-30,'LAL',leads
280,280,280,200902080CLE,24.4,5.6,2nd quarter,11:24.0,Mo Williams,CLE,False,2-pointer,1,32-30,'LAL',leads
281,281,281,200902080CLE,0.6,11.4,2nd quarter,11:05.0,Mo Williams,CLE,True,3-pointer,24,35-30,'LAL',leads
282,282,282,200902080CLE,7.7,8.3,2nd quarter,10:13.0,Wally Szczerbiak,CLE,False,2-pointer,17,35-32,'LAL',leads
283,283,283,200902080CLE,24.0,4.0,2nd quarter,10:11.0,J.J. Hickson,CLE,False,2-pointer,1,35-32,'LAL',leads
284,284,284,200902080CLE,9.4,11.3,2nd quarter,9:52.0,Mo Williams,CLE,False,2-pointer,16,35-32,'LAL',leads
285,285,285,200902080CLE,23.6,34.0,2nd quarter,9:03.0,Mo Williams,CLE,False,3-pointer,29,37-34,'LAL',leads
286,286,286,200902080CLE,37.5,17.1,2nd quarter,8:39.0,Mo Williams,CLE,True,2-pointer,18,39-36,'LAL',leads
287,287,287,200902080CLE,1.1,6.7,2nd quarter,8:10.0,Daniel Gibson,CLE,False,3-pointer,23,39-36,'LAL',leads
288,288,288,200902080CLE,24.0,6.7,2nd quarter,7:07.0,J.J. Hickson,CLE,False,2-pointer,2,39-38,'LAL',leads
289,289,289,200902080CLE,21.9,13.0,2nd quarter,6:39.0,Anderson Varejão,CLE,False,2-pointer,8,39-40,'LAL',trails
290,290,290,200902080CLE,26.8,29.4,2nd quarter,6:05.0,Wally Szczerbiak,CLE,True,3-pointer,25,42-40,'LAL',leads
291,291,291,200902080CLE,19.2,17.1,2nd quarter,5:27.0,J.J. Hickson,CLE,False,2-pointer,13,42-42,'LAL',tied
292,292,292,200902080CLE,37.2,11.9,2nd quarter,5:03.0,Mo Williams,CLE,True,2-pointer,15,44-42,'LAL',leads
293,293,293,200902080CLE,31.3,29.2,2nd quarter,4:26.0,Wally Szczerbiak,CLE,True,3-pointer,25,47-42,'LAL',leads
294,294,294,200902080CLE,24.0,4.4,2nd quarter,4:00.0,Daniel Gibson,CLE,True,2-pointer,1,49-43,'LAL',leads
295,295,295,200902080CLE,24.0,5.6,2nd quarter,3:25.0,Anderson Varejão,CLE,True,2-pointer,1,51-45,'LAL',leads
296,296,296,200902080CLE,0.8,5.6,2nd quarter,2:54.0,LeBron James,CLE,True,3-pointer,23,55-45,'LAL',leads
297,297,297,200902080CLE,6.6,8.0,2nd quarter,1:33.0,Zydrunas Ilgauskas,CLE,True,2-pointer,18,57-49,'LAL',leads
298,298,298,200902080CLE,14.7,20.7,2nd quarter,1:12.0,LeBron James,CLE,False,2-pointer,18,57-49,'LAL',leads
299,299,299,200902080CLE,27.2,9.5,2nd quarter,0:45.8,Mo Williams,CLE,False,2-pointer,6,57-51,'LAL',leads
300,300,300,200902080CLE,23.6,5.0,2nd quarter,0:00.9,Mo Williams,CLE,True,2-pointer,0,61-51,'LAL',leads
301,301,301,200902080CLE,40.2,20.3,3rd quarter,11:43.0,Wally Szczerbiak,CLE,True,2-pointer,22,63-51,'LAL',leads
302,302,302,200902080CLE,0.8,12.7,3rd quarter,10:40.0,LeBron James,CLE,False,3-pointer,24,63-56,'LAL',leads
303,303,303,200902080CLE,0.6,7.2,3rd quarter,10:33.0,LeBron James,CLE,False,3-pointer,24,63-56,'LAL',leads
304,304,304,200902080CLE,24.0,5.3,3rd quarter,9:49.0,Ben Wallace,CLE,False,2-pointer,0,63-58,'LAL',leads
305,305,305,200902080CLE,7.6,11.0,3rd quarter,9:19.0,Zydrunas Ilgauskas,CLE,False,2-pointer,17,63-60,'LAL',leads
306,306,306,200902080CLE,43.2,4.7,3rd quarter,8:51.0,Zydrunas Ilgauskas,CLE,False,2-pointer,19,63-60,'LAL',leads
307,307,307,200902080CLE,25.5,6.4,3rd quarter,8:07.0,Ben Wallace,CLE,False,2-pointer,2,63-62,'LAL',leads
308,308,308,200902080CLE,24.6,5.0,3rd quarter,7:38.0,LeBron James,CLE,False,2-pointer,1,63-62,'LAL',leads
309,309,309,200902080CLE,25.2,13.5,3rd quarter,7:22.0,Mo Williams,CLE,True,2-pointer,9,65-62,'LAL',leads
310,310,310,200902080CLE,4.4,8.7,3rd quarter,6:34.0,Wally Szczerbiak,CLE,True,2-pointer,20,67-62,'LAL',leads
311,311,311,200902080CLE,37.5,10.6,3rd quarter,6:00.0,Mo Williams,CLE,False,2-pointer,15,67-64,'LAL',leads
312,312,312,200902080CLE,39.4,10.5,3rd quarter,5:41.0,Zydrunas Ilgauskas,CLE,False,2-pointer,16,67-64,'LAL',leads
313,313,313,200902080CLE,23.6,5.6,3rd quarter,4:58.0,Ben Wallace,CLE,False,2-pointer,1,67-66,'LAL',leads
314,314,314,200902080CLE,23.8,4.4,3rd quarter,4:57.0,Zydrunas Ilgauskas,CLE,True,2-pointer,1,69-66,'LAL',leads
315,315,315,200902080CLE,23.0,6.7,3rd quarter,4:02.0,LeBron James,CLE,False,2-pointer,2,69-68,'LAL',leads
316,316,316,200902080CLE,24.6,6.9,3rd quarter,3:26.0,Mo Williams,CLE,False,2-pointer,2,69-70,'LAL',trails
317,317,317,200902080CLE,0.3,8.0,3rd quarter,2:57.0,Wally Szczerbiak,CLE,True,3-pointer,24,72-73,'LAL',trails
318,318,318,200902080CLE,36.7,28.0,3rd quarter,0:52.9,Daniel Gibson,CLE,True,3-pointer,26,77-78,'LAL',trails
319,319,319,200902080CLE,39.9,19.9,3rd quarter,0:18.9,Wally Szczerbiak,CLE,False,2-pointer,22,77-80,'LAL',trails
320,320,320,200902080CLE,10.7,22.5,4th quarter,11:28.0,Zydrunas Ilgauskas,CLE,False,2-pointer,22,77-82,'LAL',trails
321,321,321,200902080CLE,27.1,12.5,4th quarter,11:20.0,Mo Williams,CLE,False,2-pointer,8,77-82,'LAL',trails
322,322,322,200902080CLE,32.1,10.5,4th quarter,10:35.0,Anderson Varejão,CLE,False,2-pointer,10,77-82,'LAL',trails
323,323,323,200902080CLE,0.3,7.6,4th quarter,9:58.0,Daniel Gibson,CLE,False,3-pointer,24,77-82,'LAL',trails
324,324,324,200902080CLE,23.5,5.7,4th quarter,8:59.0,LeBron James,CLE,False,2-pointer,1,77-84,'LAL',trails
325,325,325,200902080CLE,47.3,12.1,4th quarter,8:15.0,Daniel Gibson,CLE,False,3-pointer,24,77-86,'LAL',trails
326,326,326,200902080CLE,11.5,25.5,4th quarter,7:42.0,Wally Szczerbiak,CLE,False,3-pointer,24,78-86,'LAL',trails
327,327,327,200902080CLE,40.0,6.9,4th quarter,7:34.0,Mo Williams,CLE,False,2-pointer,16,78-86,'LAL',trails
328,328,328,200902080CLE,25.2,7.3,4th quarter,7:09.0,LeBron James,CLE,False,2-pointer,3,78-88,'LAL',trails
329,329,329,200902080CLE,23.2,3.9,4th quarter,7:06.0,Zydrunas Ilgauskas,CLE,True,2-pointer,1,80-88,'LAL',trails
330,330,330,200902080CLE,0.3,13.8,4th quarter,6:28.0,LeBron James,CLE,True,3-pointer,25,83-90,'LAL',trails
331,331,331,200902080CLE,0.6,7.2,4th quarter,5:48.0,LeBron James,CLE,False,3-pointer,24,83-90,'LAL',trails
332,332,332,200902080CLE,42.2,12.2,4th quarter,5:13.0,Zydrunas Ilgauskas,CLE,True,2-pointer,20,85-90,'LAL',trails
333,333,333,200902080CLE,24.0,4.7,4th quarter,4:23.0,LeBron James,CLE,True,2-pointer,0,87-92,'LAL',trails
334,334,334,200902080CLE,14.5,10.0,4th quarter,3:37.0,LeBron James,CLE,False,2-pointer,11,87-92,'LAL',trails
335,335,335,200902080CLE,24.2,5.4,4th quarter,3:07.0,LeBron James,CLE,False,2-pointer,0,87-93,'LAL',trails
336,336,336,200902080CLE,42.5,13.6,4th quarter,2:27.0,Mo Williams,CLE,False,2-pointer,20,89-95,'LAL',trails
337,337,337,200902080CLE,8.3,25.6,4th quarter,1:26.0,LeBron James,CLE,False,3-pointer,26,89-98,'LAL',trails
338,338,338,200902080CLE,26.6,6.4,4th quarter,0:45.9,Anderson Varejão,CLE,True,2-pointer,3,91-100,'LAL',trails
339,339,339,200902080CLE,0.8,13.9,4th quarter,0:08.9,LeBron James,CLE,False,3-pointer,25,91-100,'LAL',trails
340,340,340,200902080DET,8.2,16.6,1st quarter,11:50.0,Jason Richardson,PHO,False,2-pointer,20,0-0,'DET',tied
341,341,341,200902080DET,24.0,5.0,1st quarter,10:58.0,Jason Richardson,PHO,True,2-pointer,0,2-2,'DET',tied
342,342,342,200902080DET,24.0,5.0,1st quarter,10:24.0,Jason Richardson,PHO,False,2-pointer,0,2-2,'DET',tied
343,343,343,200902080DET,9.0,16.3,1st quarter,10:03.0,Amar'e Stoudemire,PHO,False,2-pointer,19,2-4,'DET',trails
344,344,344,200902080DET,25.2,14.7,1st quarter,9:43.0,Steve Nash,PHO,True,2-pointer,10,4-6,'DET',trails
345,345,345,200902080DET,22.7,10.3,1st quarter,9:16.0,Amar'e Stoudemire,PHO,True,2-pointer,5,6-8,'DET',trails
346,346,346,200902080DET,25.5,12.7,1st quarter,8:44.0,Shaquille O'Neal,PHO,False,2-pointer,8,6-8,'DET',trails
347,347,347,200902080DET,47.9,9.7,1st quarter,8:25.0,Jason Richardson,PHO,False,3-pointer,24,6-8,'DET',trails
348,348,348,200902080DET,24.0,5.0,1st quarter,8:05.0,Amar'e Stoudemire,PHO,True,2-pointer,0,8-8,'DET',tied
349,349,349,200902080DET,24.0,5.0,1st quarter,7:26.0,Shaquille O'Neal,PHO,True,2-pointer,0,10-10,'DET',tied
350,350,350,200902080DET,33.7,15.5,1st quarter,6:52.0,Steve Nash,PHO,False,2-pointer,14,10-12,'DET',trails
351,351,351,200902080DET,40.6,12.2,1st quarter,6:46.0,Grant Hill,PHO,True,2-pointer,18,12-12,'DET',tied
352,352,352,200902080DET,24.0,5.0,1st quarter,5:30.0,Steve Nash,PHO,True,2-pointer,0,14-14,'DET',tied
353,353,353,200902080DET,24.0,5.0,1st quarter,5:05.0,Grant Hill,PHO,True,2-pointer,0,16-14,'DET',leads
354,354,354,200902080DET,24.0,5.0,1st quarter,4:25.0,Amar'e Stoudemire,PHO,False,2-pointer,0,16-16,'DET',tied
355,355,355,200902080DET,24.0,5.0,1st quarter,4:00.0,Grant Hill,PHO,True,2-pointer,0,18-16,'DET',leads
356,356,356,200902080DET,24.0,5.0,1st quarter,2:49.0,Grant Hill,PHO,True,2-pointer,0,22-20,'DET',leads
357,357,357,200902080DET,24.0,5.0,1st quarter,2:04.0,Leandro Barbosa,PHO,True,2-pointer,0,24-22,'DET',leads
358,358,358,200902080DET,17.0,16.3,1st quarter,1:48.0,Jason Richardson,PHO,False,2-pointer,13,24-24,'DET',tied
359,359,359,200902080DET,48.1,8.9,1st quarter,1:31.0,Matt Barnes,PHO,False,3-pointer,24,24-24,'DET',tied
360,360,360,200902080DET,24.0,5.0,1st quarter,1:03.0,Jason Richardson,PHO,True,2-pointer,0,26-24,'DET',leads
361,361,361,200902080DET,24.0,5.0,1st quarter,0:23.8,Jason Richardson,PHO,True,2-pointer,0,29-27,'DET',leads
362,362,362,200902080DET,8.3,10.5,2nd quarter,11:14.0,Jason Richardson,PHO,False,2-pointer,17,29-29,'DET',tied
363,363,363,200902080DET,31.5,6.7,2nd quarter,11:04.0,Shaquille O'Neal,PHO,True,2-pointer,8,31-29,'DET',leads
364,364,364,200902080DET,23.6,10.6,2nd quarter,10:26.0,Shaquille O'Neal,PHO,False,2-pointer,6,31-30,'DET',leads
365,365,365,200902080DET,24.0,5.0,2nd quarter,10:08.0,Shaquille O'Neal,PHO,False,2-pointer,0,31-32,'DET',trails
366,366,366,200902080DET,24.0,5.0,2nd quarter,10:06.0,Shaquille O'Neal,PHO,True,2-pointer,0,33-32,'DET',leads
367,367,367,200902080DET,11.8,12.2,2nd quarter,9:19.0,Goran Dragić,PHO,False,2-pointer,14,33-34,'DET',trails
368,368,368,200902080DET,24.0,5.0,2nd quarter,9:16.0,Shaquille O'Neal,PHO,False,2-pointer,0,33-34,'DET',trails
369,369,369,200902080DET,0.8,8.3,2nd quarter,8:55.0,Leandro Barbosa,PHO,True,3-pointer,23,38-34,'DET',leads
370,370,370,200902080DET,7.2,12.7,2nd quarter,8:04.0,Goran Dragić,PHO,False,2-pointer,18,38-34,'DET',leads
371,371,371,200902080DET,34.2,7.3,2nd quarter,7:05.0,Leandro Barbosa,PHO,False,2-pointer,10,39-38,'DET',leads
372,372,372,200902080DET,15.1,5.4,2nd quarter,6:21.0,Shaquille O'Neal,PHO,False,2-pointer,9,39-40,'DET',trails
373,373,373,200902080DET,6.9,25.9,2nd quarter,6:09.0,Steve Nash,PHO,True,3-pointer,27,42-40,'DET',leads
374,374,374,200902080DET,24.0,5.0,2nd quarter,5:33.0,Shaquille O'Neal,PHO,False,2-pointer,0,42-41,'DET',leads
375,375,375,200902080DET,24.0,5.0,2nd quarter,5:29.0,Shaquille O'Neal,PHO,True,2-pointer,0,44-41,'DET',leads
376,376,376,200902080DET,24.0,5.0,2nd quarter,4:58.0,Jason Richardson,PHO,False,2-pointer,0,44-41,'DET',leads
377,377,377,200902080DET,34.0,28.3,2nd quarter,4:44.0,Jason Richardson,PHO,True,3-pointer,25,47-41,'DET',leads
378,378,378,200902080DET,24.0,5.0,2nd quarter,4:15.0,Amar'e Stoudemire,PHO,True,2-pointer,0,49-43,'DET',leads
379,379,379,200902080DET,8.3,14.3,2nd quarter,3:38.0,Amar'e Stoudemire,PHO,False,2-pointer,18,49-45,'DET',leads
380,380,380,200902080DET,24.0,5.0,2nd quarter,3:13.0,Shaquille O'Neal,PHO,True,2-pointer,0,51-47,'DET',leads
381,381,381,200902080DET,24.0,5.0,2nd quarter,2:41.0,Amar'e Stoudemire,PHO,False,2-pointer,0,51-47,'DET',leads
382,382,382,200902080DET,23.3,16.2,2nd quarter,2:31.0,Amar'e Stoudemire,PHO,True,2-pointer,11,53-47,'DET',leads
383,383,383,200902080DET,7.2,13.3,2nd quarter,1:42.0,Steve Nash,PHO,False,2-pointer,19,54-47,'DET',leads
384,384,384,200902080DET,30.9,20.1,2nd quarter,1:10.0,Amar'e Stoudemire,PHO,True,2-pointer,17,58-47,'DET',leads
385,385,385,200902080DET,6.0,11.9,2nd quarter,0:36.9,Leandro Barbosa,PHO,False,2-pointer,19,58-50,'DET',leads
386,386,386,200902080DET,24.0,5.0,2nd quarter,0:23.9,Grant Hill,PHO,True,2-pointer,0,60-50,'DET',leads
387,387,387,200902080DET,24.0,5.0,2nd quarter,0:00.1,Leandro Barbosa,PHO,True,2-pointer,0,62-50,'DET',leads
388,388,388,200902080DET,38.7,9.4,3rd quarter,10:49.0,Steve Nash,PHO,False,2-pointer,15,62-50,'DET',leads
389,389,389,200902080DET,42.1,25.0,3rd quarter,10:28.0,Jason Richardson,PHO,True,3-pointer,27,65-50,'DET',leads
390,390,390,200902080DET,32.0,23.6,3rd quarter,9:41.0,Amar'e Stoudemire,PHO,False,2-pointer,20,65-52,'DET',leads
391,391,391,200902080DET,24.0,5.0,3rd quarter,9:18.0,Jason Richardson,PHO,True,2-pointer,0,67-53,'DET',leads
392,392,392,200902080DET,13.2,29.2,3rd quarter,8:46.0,Jason Richardson,PHO,False,3-pointer,27,67-53,'DET',leads
393,393,393,200902080DET,27.2,12.2,3rd quarter,8:05.0,Shaquille O'Neal,PHO,False,2-pointer,8,67-54,'DET',leads
394,394,394,200902080DET,36.4,11.7,3rd quarter,7:18.0,Steve Nash,PHO,False,2-pointer,14,67-56,'DET',leads
395,395,395,200902080DET,24.0,5.0,3rd quarter,6:51.0,Shaquille O'Neal,PHO,True,2-pointer,0,69-56,'DET',leads
396,396,396,200902080DET,24.0,5.0,3rd quarter,6:30.0,Jason Richardson,PHO,True,2-pointer,0,71-58,'DET',leads
397,397,397,200902080DET,28.7,19.8,3rd quarter,5:51.0,Steve Nash,PHO,False,2-pointer,16,71-60,'DET',leads
398,398,398,200902080DET,24.0,5.0,3rd quarter,5:12.0,Amar'e Stoudemire,PHO,True,2-pointer,0,73-63,'DET',leads
399,399,399,200902080DET,24.0,5.0,3rd quarter,4:41.0,Amar'e Stoudemire,PHO,True,2-pointer,0,76-66,'DET',leads
400,400,400,200902080DET,31.0,30.2,3rd quarter,4:06.0,Steve Nash,PHO,False,3-pointer,26,76-68,'DET',leads
401,401,401,200902080DET,45.8,20.6,3rd quarter,3:34.0,Jason Richardson,PHO,False,3-pointer,27,76-70,'DET',leads
402,402,402,200902080DET,27.9,17.6,3rd quarter,2:19.0,Leandro Barbosa,PHO,True,2-pointer,13,78-72,'DET',leads
403,403,403,200902080DET,24.0,5.0,3rd quarter,2:00.0,Leandro Barbosa,PHO,True,2-pointer,0,80-72,'DET',leads
404,404,404,200902080DET,14.7,10.0,3rd quarter,1:22.0,Leandro Barbosa,PHO,True,2-pointer,11,82-72,'DET',leads
405,405,405,200902080DET,12.3,29.1,3rd quarter,0:16.9,Matt Barnes,PHO,False,3-pointer,27,83-74,'DET',leads
406,406,406,200902080DET,26.8,31.5,3rd quarter,0:01.0,Leandro Barbosa,PHO,False,3-pointer,27,83-74,'DET',leads
407,407,407,200902080DET,33.5,9.5,4th quarter,11:26.0,Shaquille O'Neal,PHO,False,2-pointer,11,83-74,'DET',leads
408,408,408,200902080DET,24.0,5.0,4th quarter,11:24.0,Lou Amundson,PHO,False,2-pointer,0,83-74,'DET',leads
409,409,409,200902080DET,32.1,8.9,4th quarter,10:34.0,Shaquille O'Neal,PHO,False,2-pointer,9,85-75,'DET',leads
410,410,410,200902080DET,9.4,10.8,4th quarter,10:05.0,Grant Hill,PHO,False,2-pointer,16,85-75,'DET',leads
411,411,411,200902080DET,24.0,5.0,4th quarter,7:50.0,Matt Barnes,PHO,False,2-pointer,0,86-77,'DET',leads
412,412,412,200902080DET,24.0,5.0,4th quarter,7:22.0,Leandro Barbosa,PHO,True,2-pointer,0,88-79,'DET',leads
413,413,413,200902080DET,11.0,6.9,4th quarter,6:54.0,Steve Nash,PHO,False,2-pointer,13,88-81,'DET',leads
414,414,414,200902080DET,24.0,5.0,4th quarter,6:39.0,Matt Barnes,PHO,True,2-pointer,0,90-81,'DET',leads
415,415,415,200902080DET,24.0,5.0,4th quarter,6:03.0,Grant Hill,PHO,False,2-pointer,0,90-83,'DET',leads
416,416,416,200902080DET,24.0,5.0,4th quarter,5:45.0,Leandro Barbosa,PHO,True,2-pointer,0,92-83,'DET',leads
417,417,417,200902080DET,43.8,9.7,4th quarter,5:05.0,Steve Nash,PHO,True,2-pointer,20,94-83,'DET',leads
418,418,418,200902080DET,24.0,5.0,4th quarter,3:49.0,Jason Richardson,PHO,True,2-pointer,0,96-86,'DET',leads
419,419,419,200902080DET,24.0,5.0,4th quarter,3:18.0,Shaquille O'Neal,PHO,True,2-pointer,0,98-88,'DET',leads
420,420,420,200902080DET,24.9,12.5,4th quarter,2:05.0,Steve Nash,PHO,True,2-pointer,8,101-93,'DET',leads
421,421,421,200902080DET,17.2,7.2,4th quarter,1:05.0,Amar'e Stoudemire,PHO,False,2-pointer,7,101-93,'DET',leads
422,422,422,200902080DET,24.0,5.0,4th quarter,0:38.6,Grant Hill,PHO,False,2-pointer,0,101-95,'DET',leads
423,423,423,200902080DET,3.9,22.9,1st quarter,11:28.0,Tayshaun Prince,DET,False,3-pointer,27,0-0,'DET',tied
424,424,424,200902080DET,24.0,5.0,1st quarter,11:26.0,Rasheed Wallace,DET,False,2-pointer,0,0-0,'DET',tied
425,425,425,200902080DET,24.0,5.0,1st quarter,11:25.0,Kwame Brown,DET,True,2-pointer,0,2-0,'DET',leads
426,426,426,200902080DET,40.6,18.1,1st quarter,10:32.0,Rodney Stuckey,DET,False,2-pointer,21,2-2,'DET',tied
427,427,427,200902080DET,30.1,21.0,1st quarter,10:14.0,Allen Iverson,DET,True,2-pointer,17,4-2,'DET',leads
428,428,428,200902080DET,9.9,8.7,1st quarter,9:28.0,Allen Iverson,DET,True,2-pointer,15,8-4,'DET',leads
429,429,429,200902080DET,14.3,14.1,1st quarter,8:58.0,Allen Iverson,DET,False,2-pointer,13,8-6,'DET',leads
430,430,430,200902080DET,24.0,5.0,1st quarter,8:33.0,Allen Iverson,DET,False,2-pointer,0,8-6,'DET',leads
431,431,431,200902080DET,24.0,5.0,1st quarter,8:13.0,Allen Iverson,DET,False,2-pointer,0,8-6,'DET',leads
432,432,432,200902080DET,29.6,6.2,1st quarter,7:45.0,Rasheed Wallace,DET,True,2-pointer,6,10-8,'DET',leads
433,433,433,200902080DET,42.2,5.7,1st quarter,7:07.0,Tayshaun Prince,DET,True,2-pointer,18,12-10,'DET',leads
434,434,434,200902080DET,1.4,8.3,1st quarter,6:21.0,Tayshaun Prince,DET,False,3-pointer,23,12-12,'DET',tied
435,435,435,200902080DET,24.0,5.0,1st quarter,5:46.0,Rodney Stuckey,DET,True,2-pointer,0,14-12,'DET',leads
436,436,436,200902080DET,23.0,13.2,1st quarter,4:06.0,Antonio McDyess,DET,False,2-pointer,8,16-16,'DET',tied
437,437,437,200902080DET,24.2,22.5,1st quarter,3:38.0,Allen Iverson,DET,True,2-pointer,18,18-18,'DET',tied
438,438,438,200902080DET,48.2,5.0,1st quarter,3:08.0,Richard Hamilton,DET,False,3-pointer,24,18-20,'DET',trails
439,439,439,200902080DET,25.8,13.0,1st quarter,2:55.0,Richard Hamilton,DET,True,2-pointer,8,20-20,'DET',tied
440,440,440,200902080DET,11.2,18.4,1st quarter,2:19.0,Allen Iverson,DET,False,2-pointer,19,20-22,'DET',trails
441,441,441,200902080DET,6.3,5.1,1st quarter,2:14.0,Allen Iverson,DET,True,2-pointer,18,22-22,'DET',tied
442,442,442,200902080DET,9.1,6.9,1st quarter,1:10.0,Antonio McDyess,DET,False,2-pointer,15,24-24,'DET',tied
443,443,443,200902080DET,12.3,28.8,1st quarter,0:39.1,Richard Hamilton,DET,True,3-pointer,27,27-26,'DET',leads
444,444,444,200902080DET,8.7,8.6,1st quarter,0:00.2,Richard Hamilton,DET,True,2-pointer,16,29-29,'DET',tied
445,445,445,200902080DET,6.9,6.9,2nd quarter,10:15.0,Tayshaun Prince,DET,True,2-pointer,17,32-31,'DET',leads
446,446,446,200902080DET,31.8,8.9,2nd quarter,9:44.0,Tayshaun Prince,DET,True,2-pointer,9,34-33,'DET',leads
447,447,447,200902080DET,43.2,21.7,2nd quarter,9:03.0,Rasheed Wallace,DET,False,3-pointer,25,34-35,'DET',trails
448,448,448,200902080DET,10.4,18.4,2nd quarter,8:36.0,Tayshaun Prince,DET,False,2-pointer,19,34-38,'DET',trails
449,449,449,200902080DET,24.2,15.2,2nd quarter,7:52.0,Rasheed Wallace,DET,True,2-pointer,10,36-38,'DET',trails
450,450,450,200902080DET,44.9,5.1,2nd quarter,7:22.0,Tayshaun Prince,DET,True,2-pointer,21,38-39,'DET',trails
451,451,451,200902080DET,12.3,8.3,2nd quarter,6:53.0,Richard Hamilton,DET,True,2-pointer,12,40-39,'DET',leads
452,452,452,200902080DET,38.4,17.7,2nd quarter,6:17.0,Richard Hamilton,DET,False,2-pointer,19,40-39,'DET',leads
453,453,453,200902080DET,34.3,30.5,2nd quarter,5:04.0,Rasheed Wallace,DET,False,3-pointer,28,41-44,'DET',trails
454,454,454,200902080DET,30.7,16.2,2nd quarter,4:52.0,Richard Hamilton,DET,False,2-pointer,13,41-44,'DET',trails
455,455,455,200902080DET,11.5,10.6,2nd quarter,4:23.0,Richard Hamilton,DET,True,2-pointer,14,43-47,'DET',trails
456,456,456,200902080DET,23.8,18.1,2nd quarter,3:50.0,Rodney Stuckey,DET,True,2-pointer,13,45-49,'DET',trails
457,457,457,200902080DET,27.2,17.7,2nd quarter,3:30.0,Rodney Stuckey,DET,True,2-pointer,13,47-49,'DET',trails
458,458,458,200902080DET,0.8,9.7,2nd quarter,2:46.0,Richard Hamilton,DET,False,3-pointer,24,47-51,'DET',trails
459,459,459,200902080DET,24.0,5.0,2nd quarter,1:51.0,Jason Maxiell,DET,False,2-pointer,0,47-54,'DET',trails
460,460,460,200902080DET,16.5,13.0,2nd quarter,1:24.0,Allen Iverson,DET,False,2-pointer,11,47-56,'DET',trails
461,461,461,200902080DET,0.6,8.9,2nd quarter,0:45.9,Richard Hamilton,DET,True,3-pointer,24,50-58,'DET',trails
462,462,462,200902080DET,29.6,32.1,3rd quarter,11:39.0,Rasheed Wallace,DET,False,3-pointer,28,50-62,'DET',trails
463,463,463,200902080DET,7.6,10.8,3rd quarter,11:02.0,Allen Iverson,DET,False,2-pointer,17,50-62,'DET',trails
464,464,464,200902080DET,12.0,8.0,3rd quarter,10:33.0,Rodney Stuckey,DET,False,2-pointer,12,50-62,'DET',trails
465,465,465,200902080DET,39.4,11.0,3rd quarter,10:09.0,Rasheed Wallace,DET,False,2-pointer,17,50-65,'DET',trails
466,466,466,200902080DET,24.0,5.0,3rd quarter,10:07.0,Kwame Brown,DET,True,2-pointer,0,52-65,'DET',trails
467,467,467,200902080DET,18.8,18.8,3rd quarter,9:02.0,Kwame Brown,DET,False,2-pointer,15,53-67,'DET',trails
468,468,468,200902080DET,24.0,5.0,3rd quarter,7:51.0,Rodney Stuckey,DET,False,2-pointer,0,54-67,'DET',trails
469,469,469,200902080DET,24.9,15.8,3rd quarter,7:43.0,Allen Iverson,DET,True,2-pointer,11,56-67,'DET',trails
470,470,470,200902080DET,24.0,5.0,3rd quarter,7:04.0,Rodney Stuckey,DET,False,2-pointer,0,56-67,'DET',trails
471,471,471,200902080DET,8.5,8.0,3rd quarter,7:00.0,Allen Iverson,DET,False,2-pointer,16,56-67,'DET',trails
472,472,472,200902080DET,24.0,5.0,3rd quarter,6:36.0,Allen Iverson,DET,True,2-pointer,0,58-69,'DET',trails
473,473,473,200902080DET,9.6,9.1,3rd quarter,5:42.0,Allen Iverson,DET,False,2-pointer,15,60-71,'DET',trails
474,474,474,200902080DET,24.0,5.0,3rd quarter,5:39.0,Arron Afflalo,DET,False,2-pointer,0,60-71,'DET',trails
475,475,475,200902080DET,16.1,30.2,3rd quarter,5:20.0,Rasheed Wallace,DET,True,3-pointer,26,63-71,'DET',trails
476,476,476,200902080DET,1.2,8.3,3rd quarter,4:56.0,Richard Hamilton,DET,True,3-pointer,23,66-74,'DET',trails
477,477,477,200902080DET,49.0,8.7,3rd quarter,4:23.0,Arron Afflalo,DET,False,3-pointer,25,66-76,'DET',trails
478,478,478,200902080DET,24.0,5.0,3rd quarter,3:55.0,Allen Iverson,DET,False,2-pointer,0,68-76,'DET',trails
479,479,479,200902080DET,24.0,5.0,3rd quarter,3:41.0,Richard Hamilton,DET,True,2-pointer,0,70-76,'DET',trails
480,480,480,200902080DET,39.2,13.3,3rd quarter,3:26.0,Arron Afflalo,DET,False,2-pointer,17,70-76,'DET',trails
481,481,481,200902080DET,38.0,10.0,3rd quarter,3:10.0,Richard Hamilton,DET,True,2-pointer,15,72-76,'DET',trails
482,482,482,200902080DET,17.6,30.2,3rd quarter,2:34.0,Rasheed Wallace,DET,False,3-pointer,26,72-76,'DET',trails
483,483,483,200902080DET,45.4,20.6,3rd quarter,1:38.0,Arron Afflalo,DET,False,3-pointer,26,72-80,'DET',trails
484,484,484,200902080DET,9.6,5.1,3rd quarter,1:29.0,Richard Hamilton,DET,False,2-pointer,14,72-80,'DET',trails
485,485,485,200902080DET,4.6,6.7,3rd quarter,0:38.9,Arron Afflalo,DET,False,2-pointer,19,72-83,'DET',trails
486,486,486,200902080DET,9.0,11.3,3rd quarter,0:35.9,Richard Hamilton,DET,True,2-pointer,16,74-83,'DET',trails
487,487,487,200902080DET,41.1,11.6,4th quarter,10:59.0,Amir Johnson,DET,False,2-pointer,18,74-85,'DET',trails
488,488,488,200902080DET,33.2,10.5,4th quarter,10:00.0,Allen Iverson,DET,False,2-pointer,11,75-85,'DET',trails
489,489,489,200902080DET,11.5,16.8,4th quarter,9:54.0,Antonio McDyess,DET,True,2-pointer,17,77-85,'DET',trails
490,490,490,200902080DET,24.6,23.1,4th quarter,9:08.0,Antonio McDyess,DET,False,2-pointer,18,77-85,'DET',trails
491,491,491,200902080DET,24.0,5.0,4th quarter,8:05.0,Richard Hamilton,DET,False,2-pointer,0,77-86,'DET',trails
492,492,492,200902080DET,10.2,10.5,4th quarter,8:03.0,Richard Hamilton,DET,False,2-pointer,15,77-86,'DET',trails
493,493,493,200902080DET,24.9,23.4,4th quarter,7:32.0,Rodney Stuckey,DET,True,2-pointer,18,79-86,'DET',trails
494,494,494,200902080DET,9.8,11.0,4th quarter,7:07.0,Allen Iverson,DET,True,2-pointer,15,81-88,'DET',trails
495,495,495,200902080DET,8.8,16.0,4th quarter,6:45.0,Allen Iverson,DET,False,2-pointer,19,81-88,'DET',trails
496,496,496,200902080DET,35.0,9.7,4th quarter,6:18.0,Rasheed Wallace,DET,True,2-pointer,12,83-90,'DET',trails
497,497,497,200902080DET,32.4,6.7,4th quarter,5:52.0,Allen Iverson,DET,False,2-pointer,9,83-90,'DET',trails
498,498,498,200902080DET,46.3,18.8,4th quarter,4:38.0,Tayshaun Prince,DET,True,3-pointer,26,86-94,'DET',trails
499,499,499,200902080DET,23.0,25.3,4th quarter,4:03.0,Antonio McDyess,DET,False,2-pointer,20,86-94,'DET',trails
500,500,500,200902080DET,5.5,9.2,4th quarter,2:47.0,Richard Hamilton,DET,True,2-pointer,19,90-98,'DET',trails
501,501,501,200902080DET,14.7,29.1,4th quarter,2:16.0,Rasheed Wallace,DET,True,3-pointer,26,93-99,'DET',trails
502,502,502,200902080DET,9.9,13.9,4th quarter,1:41.0,Allen Iverson,DET,False,2-pointer,17,93-101,'DET',trails
503,503,503,200902080DET,36.4,9.8,4th quarter,1:31.0,Richard Hamilton,DET,False,2-pointer,13,93-101,'DET',trails
504,504,504,200902080DET,24.0,5.0,4th quarter,0:59.8,Allen Iverson,DET,False,2-pointer,0,93-101,'DET',trails
505,505,505,200902080DET,24.0,5.0,4th quarter,0:23.6,Allen Iverson,DET,True,2-pointer,0,97-103,'DET',trails
506,506,506,200902080DET,11.8,5.6,4th quarter,0:16.9,Arron Afflalo,DET,False,2-pointer,12,97-105,'DET',trails
507,507,507,200902080DET,5.5,6.2,4th quarter,0:08.5,Tayshaun Prince,DET,False,2-pointer,19,97-107,'DET',trails
508,508,508,200902080GSW,25.8,6.7,1st quarter,11:34.0,Paul Millsap,UTA,True,2-pointer,2,2-2,'UTA',tied
509,509,509,200902080GSW,29.3,25.6,1st quarter,11:15.0,Deron Williams,UTA,False,2-pointer,21,2-4,'UTA',trails
510,510,510,200902080GSW,36.7,7.2,1st quarter,10:44.0,Mehmet Okur,UTA,False,2-pointer,13,2-4,'UTA',trails
511,511,511,200902080GSW,21.4,6.7,1st quarter,10:11.0,Paul Millsap,UTA,True,2-pointer,3,4-6,'UTA',trails
512,512,512,200902080GSW,22.7,22.5,1st quarter,9:42.0,Deron Williams,UTA,False,2-pointer,18,4-6,'UTA',trails
513,513,513,200902080GSW,33.9,12.2,1st quarter,9:14.0,Paul Millsap,UTA,False,2-pointer,12,4-6,'UTA',trails
514,514,514,200902080GSW,23.0,6.2,1st quarter,8:45.0,C.J. Miles,UTA,False,2-pointer,2,4-6,'UTA',trails
515,515,515,200902080GSW,23.8,9.2,1st quarter,8:34.0,Mehmet Okur,UTA,True,2-pointer,4,6-6,'UTA',tied
516,516,516,200902080GSW,23.8,5.1,1st quarter,8:03.0,Deron Williams,UTA,True,2-pointer,0,8-6,'UTA',leads
517,517,517,200902080GSW,14.7,30.0,1st quarter,7:36.0,C.J. Miles,UTA,True,3-pointer,27,11-6,'UTA',leads
518,518,518,200902080GSW,36.4,12.1,1st quarter,6:54.0,Paul Millsap,UTA,False,2-pointer,14,11-6,'UTA',leads
519,519,519,200902080GSW,18.4,20.9,1st quarter,6:26.0,Mehmet Okur,UTA,False,2-pointer,17,11-6,'UTA',leads
520,520,520,200902080GSW,37.3,6.7,1st quarter,6:01.0,C.J. Miles,UTA,False,2-pointer,13,11-6,'UTA',leads
521,521,521,200902080GSW,26.3,10.8,1st quarter,5:26.0,Mehmet Okur,UTA,True,2-pointer,6,13-7,'UTA',leads
522,522,522,200902080GSW,30.9,11.0,1st quarter,4:38.0,Deron Williams,UTA,False,2-pointer,9,13-9,'UTA',leads
523,523,523,200902080GSW,13.7,21.8,1st quarter,4:13.0,C.J. Miles,UTA,False,2-pointer,20,13-9,'UTA',leads
524,524,524,200902080GSW,25.3,5.4,1st quarter,2:17.0,Deron Williams,UTA,True,2-pointer,1,19-15,'UTA',leads
525,525,525,200902080GSW,39.7,6.7,1st quarter,0:07.9,Matt Harpring,UTA,True,2-pointer,16,21-21,'UTA',tied
526,526,526,200902080GSW,37.6,21.5,2nd quarter,11:41.0,Matt Harpring,UTA,False,2-pointer,21,21-23,'UTA',trails
527,527,527,200902080GSW,22.5,8.7,2nd quarter,11:07.0,Matt Harpring,UTA,False,2-pointer,4,21-24,'UTA',trails
528,528,528,200902080GSW,27.4,7.3,2nd quarter,11:04.0,Paul Millsap,UTA,False,2-pointer,4,21-24,'UTA',trails
529,529,529,200902080GSW,0.3,3.6,2nd quarter,10:43.0,Kyle Korver,UTA,False,3-pointer,24,21-24,'UTA',trails
530,530,530,200902080GSW,12.8,20.3,2nd quarter,9:46.0,C.J. Miles,UTA,False,2-pointer,19,23-26,'UTA',trails
531,531,531,200902080GSW,23.5,8.0,2nd quarter,9:30.0,Paul Millsap,UTA,False,2-pointer,3,23-26,'UTA',trails
532,532,532,200902080GSW,21.6,7.2,2nd quarter,9:14.0,Kyle Korver,UTA,False,2-pointer,3,23-26,'UTA',trails
533,533,533,200902080GSW,26.4,6.7,2nd quarter,8:45.0,Paul Millsap,UTA,True,2-pointer,3,25-26,'UTA',trails
534,534,534,200902080GSW,16.4,16.8,2nd quarter,7:59.0,Deron Williams,UTA,True,2-pointer,14,27-28,'UTA',trails
535,535,535,200902080GSW,39.1,27.8,2nd quarter,7:25.0,Deron Williams,UTA,False,3-pointer,27,27-28,'UTA',trails
536,536,536,200902080GSW,37.6,27.2,2nd quarter,7:16.0,C.J. Miles,UTA,False,3-pointer,26,27-28,'UTA',trails
537,537,537,200902080GSW,38.4,16.9,2nd quarter,7:04.0,Matt Harpring,UTA,False,2-pointer,19,27-28,'UTA',trails
538,538,538,200902080GSW,24.0,5.0,2nd quarter,7:00.0,Kyle Korver,UTA,True,2-pointer,0,29-28,'UTA',leads
539,539,539,200902080GSW,47.0,3.7,2nd quarter,6:43.0,Kyle Korver,UTA,True,3-pointer,23,32-28,'UTA',leads
540,540,540,200902080GSW,25.7,5.0,2nd quarter,6:13.0,Paul Millsap,UTA,False,2-pointer,2,32-28,'UTA',leads
541,541,541,200902080GSW,23.8,30.5,2nd quarter,5:38.0,Deron Williams,UTA,False,3-pointer,26,32-30,'UTA',leads
542,542,542,200902080GSW,27.4,5.6,2nd quarter,4:44.0,Deron Williams,UTA,True,2-pointer,3,34-35,'UTA',trails
543,543,543,200902080GSW,47.4,5.0,2nd quarter,4:22.0,Kyle Korver,UTA,True,3-pointer,23,37-37,'UTA',tied
544,544,544,200902080GSW,25.3,7.3,2nd quarter,3:21.0,Deron Williams,UTA,True,2-pointer,3,39-41,'UTA',trails
545,545,545,200902080GSW,6.0,6.2,2nd quarter,2:49.0,Mehmet Okur,UTA,True,2-pointer,18,41-41,'UTA',tied
546,546,546,200902080GSW,26.0,8.6,2nd quarter,2:24.0,Paul Millsap,UTA,False,2-pointer,4,41-41,'UTA',tied
547,547,547,200902080GSW,26.3,5.1,2nd quarter,1:58.0,Deron Williams,UTA,False,2-pointer,2,41-41,'UTA',tied
548,548,548,200902080GSW,40.0,6.7,2nd quarter,1:19.0,Mehmet Okur,UTA,False,2-pointer,16,41-42,'UTA',trails
549,549,549,200902080GSW,27.6,25.6,2nd quarter,0:56.9,Kyle Korver,UTA,False,2-pointer,21,41-44,'UTA',trails
550,550,550,200902080GSW,27.4,7.6,2nd quarter,0:55.3,Mehmet Okur,UTA,True,2-pointer,4,43-44,'UTA',trails
551,551,551,200902080GSW,19.9,22.9,2nd quarter,0:33.6,Deron Williams,UTA,True,2-pointer,18,45-46,'UTA',trails
552,552,552,200902080GSW,3.1,19.2,2nd quarter,0:01.0,Kyle Korver,UTA,False,3-pointer,25,45-48,'UTA',trails
553,553,553,200902080GSW,38.0,20.7,3rd quarter,11:40.0,Ronnie Brewer,UTA,True,2-pointer,21,47-48,'UTA',trails
554,554,554,200902080GSW,24.0,10.6,3rd quarter,11:10.0,C.J. Miles,UTA,True,2-pointer,6,49-48,'UTA',leads
555,555,555,200902080GSW,32.4,5.3,3rd quarter,10:25.0,Paul Millsap,UTA,False,2-pointer,8,49-50,'UTA',trails
556,556,556,200902080GSW,40.3,29.6,3rd quarter,9:44.0,Deron Williams,UTA,False,3-pointer,30,49-52,'UTA',trails
557,557,557,200902080GSW,21.7,5.7,3rd quarter,9:06.0,Deron Williams,UTA,True,2-pointer,2,51-56,'UTA',trails
558,558,558,200902080GSW,36.9,8.0,3rd quarter,8:33.0,Ronnie Brewer,UTA,True,2-pointer,13,53-56,'UTA',trails
559,559,559,200902080GSW,25.0,32.1,3rd quarter,7:58.0,Mehmet Okur,UTA,False,3-pointer,27,53-58,'UTA',trails
560,560,560,200902080GSW,25.8,6.2,3rd quarter,7:54.0,Deron Williams,UTA,True,2-pointer,2,55-58,'UTA',trails
561,561,561,200902080GSW,16.7,24.2,3rd quarter,7:23.0,Ronnie Brewer,UTA,True,2-pointer,21,58-58,'UTA',tied
562,562,562,200902080GSW,17.6,30.4,3rd quarter,6:27.0,Ronnie Brewer,UTA,False,3-pointer,26,58-62,'UTA',trails
563,563,563,200902080GSW,25.7,5.9,3rd quarter,6:15.0,Paul Millsap,UTA,False,2-pointer,2,58-62,'UTA',trails
564,564,564,200902080GSW,15.6,30.5,3rd quarter,5:56.0,Deron Williams,UTA,False,3-pointer,27,58-62,'UTA',trails
565,565,565,200902080GSW,22.2,17.9,3rd quarter,5:04.0,Kyle Korver,UTA,False,2-pointer,13,58-66,'UTA',trails
566,566,566,200902080GSW,32.1,29.7,3rd quarter,4:04.0,Kyle Korver,UTA,False,3-pointer,26,60-71,'UTA',trails
567,567,567,200902080GSW,29.0,8.4,3rd quarter,3:31.0,Matt Harpring,UTA,False,2-pointer,6,60-74,'UTA',trails
568,568,568,200902080GSW,23.0,6.4,3rd quarter,3:02.0,Ronnie Brewer,UTA,False,2-pointer,2,60-76,'UTA',trails
569,569,569,200902080GSW,35.9,22.9,3rd quarter,3:01.0,Matt Harpring,UTA,True,2-pointer,21,62-76,'UTA',trails
570,570,570,200902080GSW,14.7,20.9,3rd quarter,2:15.0,Deron Williams,UTA,False,2-pointer,18,62-78,'UTA',trails
571,571,571,200902080GSW,4.2,22.5,3rd quarter,1:24.0,C.J. Miles,UTA,True,3-pointer,26,67-79,'UTA',trails
572,572,572,200902080GSW,24.7,9.1,3rd quarter,0:51.8,Mehmet Okur,UTA,False,2-pointer,4,67-82,'UTA',trails
573,573,573,200902080GSW,11.5,19.5,3rd quarter,0:02.8,Deron Williams,UTA,False,2-pointer,19,69-86,'UTA',trails
574,574,574,200902080GSW,14.2,4.4,4th quarter,10:32.0,Deron Williams,UTA,False,2-pointer,10,72-88,'UTA',trails
575,575,575,200902080GSW,24.1,4.7,4th quarter,10:08.0,Deron Williams,UTA,True,2-pointer,0,74-88,'UTA',trails
576,576,576,200902080GSW,25.5,5.9,4th quarter,9:44.0,Deron Williams,UTA,True,2-pointer,2,76-90,'UTA',trails
577,577,577,200902080GSW,2.8,19.3,4th quarter,9:14.0,Kyle Korver,UTA,False,3-pointer,26,76-90,'UTA',trails
578,578,578,200902080GSW,12.0,30.2,4th quarter,8:48.0,Kyle Korver,UTA,False,3-pointer,28,76-90,'UTA',trails
579,579,579,200902080GSW,24.6,6.2,4th quarter,8:17.0,Paul Millsap,UTA,True,2-pointer,1,78-92,'UTA',trails
580,580,580,200902080GSW,23.2,7.8,4th quarter,7:25.0,Deron Williams,UTA,True,2-pointer,3,80-94,'UTA',trails
581,581,581,200902080GSW,47.7,5.3,4th quarter,5:33.0,Kyle Korver,UTA,False,3-pointer,24,81-103,'UTA',trails
582,582,582,200902080GSW,24.1,6.2,4th quarter,5:09.0,Deron Williams,UTA,True,2-pointer,1,83-105,'UTA',trails
583,583,583,200902080GSW,20.2,31.3,4th quarter,4:32.0,Mehmet Okur,UTA,True,3-pointer,27,86-108,'UTA',trails
584,584,584,200902080GSW,25.7,6.7,4th quarter,4:01.0,Mehmet Okur,UTA,True,2-pointer,2,88-110,'UTA',trails
585,585,585,200902080GSW,13.9,12.1,4th quarter,3:15.0,Ronnie Price,UTA,False,2-pointer,12,88-110,'UTA',trails
586,586,586,200902080GSW,25.3,6.7,1st quarter,11:43.0,Ronny Turiaf,GSW,True,2-pointer,2,2-0,'UTA',leads
587,587,587,200902080GSW,12.8,19.3,1st quarter,11:25.0,Kelenna Azubuike,GSW,True,2-pointer,18,4-2,'UTA',leads
588,588,588,200902080GSW,44.0,23.4,1st quarter,11:02.0,Stephen Jackson,GSW,False,3-pointer,27,4-2,'UTA',leads
589,589,589,200902080GSW,25.2,6.9,1st quarter,10:34.0,Ronny Turiaf,GSW,True,2-pointer,2,6-2,'UTA',leads
590,590,590,200902080GSW,25.0,5.3,1st quarter,9:49.0,Stephen Jackson,GSW,False,2-pointer,1,6-4,'UTA',leads
591,591,591,200902080GSW,32.8,21.0,1st quarter,9:34.0,Jamal Crawford,GSW,False,2-pointer,18,6-4,'UTA',leads
592,592,592,200902080GSW,24.0,26.6,1st quarter,8:59.0,Kelenna Azubuike,GSW,False,2-pointer,22,6-4,'UTA',leads
593,593,593,200902080GSW,7.1,3.7,1st quarter,8:15.0,Monta Ellis,GSW,False,2-pointer,17,6-6,'UTA',tied
594,594,594,200902080GSW,41.6,27.2,1st quarter,7:53.0,Stephen Jackson,GSW,False,3-pointer,28,6-8,'UTA',trails
595,595,595,200902080GSW,10.1,15.2,1st quarter,7:18.0,Ronny Turiaf,GSW,False,2-pointer,17,6-11,'UTA',trails
596,596,596,200902080GSW,3.1,17.6,1st quarter,6:41.0,Jamal Crawford,GSW,False,3-pointer,24,6-11,'UTA',trails
597,597,597,200902080GSW,39.9,17.6,1st quarter,5:03.0,Monta Ellis,GSW,True,2-pointer,20,9-13,'UTA',trails
598,598,598,200902080GSW,8.0,17.9,1st quarter,4:31.0,Monta Ellis,GSW,False,2-pointer,21,9-13,'UTA',trails
599,599,599,200902080GSW,27.9,6.9,1st quarter,3:37.0,Corey Maggette,GSW,True,2-pointer,4,11-15,'UTA',trails
600,600,600,200902080GSW,25.7,25.3,1st quarter,3:00.0,Monta Ellis,GSW,True,2-pointer,20,13-17,'UTA',trails
601,601,601,200902080GSW,25.5,5.9,1st quarter,2:36.0,Corey Maggette,GSW,True,2-pointer,2,15-17,'UTA',trails
602,602,602,200902080GSW,8.7,9.5,1st quarter,1:55.0,Corey Maggette,GSW,False,2-pointer,16,15-19,'UTA',trails
603,603,603,200902080GSW,24.2,5.0,1st quarter,1:32.0,Corey Maggette,GSW,True,2-pointer,0,17-19,'UTA',trails
604,604,604,200902080GSW,38.0,5.0,1st quarter,1:04.0,Corey Maggette,GSW,True,2-pointer,14,19-19,'UTA',tied
605,605,605,200902080GSW,37.2,18.7,1st quarter,0:32.7,Corey Maggette,GSW,True,2-pointer,19,21-19,'UTA',leads
606,606,606,200902080GSW,35.0,4.5,2nd quarter,10:24.0,Monta Ellis,GSW,False,2-pointer,11,24-21,'UTA',leads
607,607,607,200902080GSW,35.9,21.4,2nd quarter,10:07.0,Stephen Jackson,GSW,False,2-pointer,20,24-23,'UTA',leads
608,608,608,200902080GSW,24.2,7.3,2nd quarter,10:04.0,Anthony Randolph,GSW,True,2-pointer,2,26-23,'UTA',leads
609,609,609,200902080GSW,13.1,16.6,2nd quarter,9:05.0,Anthony Randolph,GSW,False,2-pointer,16,26-23,'UTA',leads
610,610,610,200902080GSW,12.9,20.4,2nd quarter,8:19.0,C.J. Watson,GSW,True,2-pointer,19,28-25,'UTA',leads
611,611,611,200902080GSW,47.1,10.8,2nd quarter,7:44.0,Corey Maggette,GSW,False,3-pointer,24,28-27,'UTA',leads
612,612,612,200902080GSW,24.1,4.8,2nd quarter,5:28.0,Kelenna Azubuike,GSW,True,2-pointer,0,32-32,'UTA',tied
613,613,613,200902080GSW,0.6,4.4,2nd quarter,5:00.0,C.J. Watson,GSW,True,3-pointer,23,35-32,'UTA',leads
614,614,614,200902080GSW,22.7,4.8,2nd quarter,4:32.0,Stephen Jackson,GSW,True,2-pointer,1,37-34,'UTA',leads
615,615,615,200902080GSW,24.7,4.7,2nd quarter,4:09.0,Ronny Turiaf,GSW,True,2-pointer,1,39-37,'UTA',leads
616,616,616,200902080GSW,24.7,9.1,2nd quarter,3:11.0,Corey Maggette,GSW,False,2-pointer,4,41-39,'UTA',leads
617,617,617,200902080GSW,16.9,23.7,2nd quarter,2:35.0,Stephen Jackson,GSW,False,2-pointer,20,41-41,'UTA',tied
618,618,618,200902080GSW,40.0,8.7,2nd quarter,2:16.0,Corey Maggette,GSW,False,2-pointer,16,41-41,'UTA',tied
619,619,619,200902080GSW,24.9,6.7,2nd quarter,1:13.0,Stephen Jackson,GSW,True,2-pointer,2,44-41,'UTA',leads
620,620,620,200902080GSW,25.2,5.9,2nd quarter,0:41.3,Corey Maggette,GSW,True,2-pointer,2,46-43,'UTA',leads
621,621,621,200902080GSW,23.8,9.2,2nd quarter,0:14.9,Kelenna Azubuike,GSW,True,2-pointer,4,48-45,'UTA',leads
622,622,622,200902080GSW,31.5,17.6,3rd quarter,11:22.0,Corey Maggette,GSW,False,2-pointer,15,48-47,'UTA',leads
623,623,623,200902080GSW,24.2,5.9,3rd quarter,10:48.0,Ronny Turiaf,GSW,True,2-pointer,1,50-49,'UTA',leads
624,624,624,200902080GSW,24.0,6.4,3rd quarter,10:18.0,Monta Ellis,GSW,True,2-pointer,1,52-49,'UTA',leads
625,625,625,200902080GSW,20.5,9.1,3rd quarter,9:36.0,Corey Maggette,GSW,True,2-pointer,5,54-49,'UTA',leads
626,626,626,200902080GSW,23.5,9.5,3rd quarter,9:13.0,Stephen Jackson,GSW,True,2-pointer,5,56-49,'UTA',leads
627,627,627,200902080GSW,40.6,27.5,3rd quarter,8:44.0,Jamal Crawford,GSW,False,3-pointer,28,56-51,'UTA',leads
628,628,628,200902080GSW,6.8,5.6,3rd quarter,8:17.0,Monta Ellis,GSW,True,2-pointer,17,58-53,'UTA',leads
629,629,629,200902080GSW,29.3,25.0,3rd quarter,6:08.0,Stephen Jackson,GSW,False,2-pointer,21,62-58,'UTA',leads
630,630,630,200902080GSW,24.2,5.7,3rd quarter,5:50.0,Monta Ellis,GSW,True,2-pointer,1,64-58,'UTA',leads
631,631,631,200902080GSW,46.0,19.3,3rd quarter,4:25.0,Jamal Crawford,GSW,True,3-pointer,26,71-60,'UTA',leads
632,632,632,200902080GSW,45.1,20.3,3rd quarter,3:53.0,Jamal Crawford,GSW,True,3-pointer,26,74-60,'UTA',leads
633,633,633,200902080GSW,24.0,5.0,3rd quarter,2:55.0,Stephen Jackson,GSW,False,2-pointer,0,76-62,'UTA',leads
634,634,634,200902080GSW,17.6,22.9,3rd quarter,1:49.0,Monta Ellis,GSW,False,2-pointer,19,78-64,'UTA',leads
635,635,635,200902080GSW,33.7,29.4,3rd quarter,1:10.0,Stephen Jackson,GSW,True,3-pointer,26,82-67,'UTA',leads
636,636,636,200902080GSW,25.3,5.9,3rd quarter,0:41.0,Stephen Jackson,GSW,True,2-pointer,2,84-67,'UTA',leads
637,637,637,200902080GSW,35.3,5.4,3rd quarter,0:17.3,Monta Ellis,GSW,True,2-pointer,11,86-69,'UTA',leads
638,638,638,200902080GSW,25.0,12.4,4th quarter,11:49.0,Anthony Randolph,GSW,False,2-pointer,7,86-69,'UTA',leads
639,639,639,200902080GSW,25.5,14.3,4th quarter,11:22.0,Anthony Randolph,GSW,False,2-pointer,9,86-71,'UTA',leads
640,640,640,200902080GSW,7.4,14.1,4th quarter,10:56.0,Kelenna Azubuike,GSW,True,2-pointer,19,88-72,'UTA',leads
641,641,641,200902080GSW,32.8,21.7,4th quarter,10:00.0,C.J. Watson,GSW,True,2-pointer,19,90-74,'UTA',leads
642,642,642,200902080GSW,29.9,22.0,4th quarter,9:24.0,Monta Ellis,GSW,False,2-pointer,18,90-76,'UTA',leads
643,643,643,200902080GSW,12.9,14.1,4th quarter,8:56.0,Stephen Jackson,GSW,False,2-pointer,14,90-76,'UTA',leads
644,644,644,200902080GSW,22.9,5.7,4th quarter,8:39.0,Kelenna Azubuike,GSW,True,2-pointer,1,92-76,'UTA',leads
645,645,645,200902080GSW,26.0,5.3,4th quarter,8:03.0,C.J. Watson,GSW,True,2-pointer,2,94-78,'UTA',leads
646,646,646,200902080GSW,28.0,7.2,4th quarter,7:32.0,Stephen Jackson,GSW,False,2-pointer,5,94-78,'UTA',leads
647,647,647,200902080GSW,26.6,6.7,4th quarter,7:29.0,Stephen Jackson,GSW,False,2-pointer,3,94-78,'UTA',leads
648,648,648,200902080GSW,26.0,6.5,4th quarter,7:15.0,Corey Maggette,GSW,True,2-pointer,3,96-81,'UTA',leads
649,649,649,200902080GSW,25.5,7.3,4th quarter,6:55.0,Kelenna Azubuike,GSW,False,2-pointer,3,97-81,'UTA',leads
650,650,650,200902080GSW,24.0,5.0,4th quarter,6:54.0,Kelenna Azubuike,GSW,False,2-pointer,0,97-81,'UTA',leads
651,651,651,200902080GSW,36.4,8.0,4th quarter,6:39.0,Stephen Jackson,GSW,False,2-pointer,13,97-81,'UTA',leads
652,652,652,200902080GSW,23.2,5.7,4th quarter,6:37.0,Kelenna Azubuike,GSW,True,2-pointer,1,99-81,'UTA',leads
653,653,653,200902080GSW,2.2,18.2,4th quarter,5:59.0,C.J. Watson,GSW,True,3-pointer,25,103-81,'UTA',leads
654,654,654,200902080GSW,23.3,4.5,4th quarter,5:26.0,Ronny Turiaf,GSW,True,2-pointer,1,105-81,'UTA',leads
655,655,655,200902080GSW,13.4,30.4,4th quarter,4:48.0,Stephen Jackson,GSW,True,3-pointer,28,108-83,'UTA',leads
656,656,656,200902080GSW,24.0,5.7,4th quarter,4:18.0,Corey Maggette,GSW,True,2-pointer,1,110-86,'UTA',leads
657,657,657,200902080GSW,37.6,14.6,4th quarter,3:39.0,Ronny Turiaf,GSW,False,2-pointer,17,110-88,'UTA',leads
658,658,658,200902080GSW,37.5,5.4,4th quarter,2:57.0,Ronny Turiaf,GSW,False,2-pointer,14,110-88,'UTA',leads
659,659,659,200902080GSW,11.3,18.5,4th quarter,2:16.0,Jamal Crawford,GSW,False,2-pointer,19,110-90,'UTA',leads
660,660,660,200902080GSW,26.1,5.4,4th quarter,1:37.0,Anthony Morrow,GSW,False,2-pointer,2,110-92,'UTA',leads
661,661,661,200902080GSW,24.0,5.0,4th quarter,1:36.0,Anthony Randolph,GSW,False,2-pointer,0,110-92,'UTA',leads
662,662,662,200902080GSW,24.0,5.0,4th quarter,1:04.0,Anthony Randolph,GSW,True,2-pointer,0,114-93,'UTA',leads
663,663,663,200902080GSW,29.4,30.5,4th quarter,0:39.9,Anthony Morrow,GSW,False,3-pointer,26,114-94,'UTA',leads
664,664,664,200902080GSW,38.7,25.0,4th quarter,0:34.4,C.J. Watson,GSW,False,3-pointer,25,114-94,'UTA',leads
665,665,665,200902080MIA,21.7,9.4,1st quarter,11:35.0,Juwan Howard,CHA,False,2-pointer,5,0-0,'MIA',tied
666,666,666,200902080MIA,5.7,21.5,1st quarter,10:50.0,D.J. Augustin,CHA,False,3-pointer,25,0-2,'MIA',trails
667,667,667,200902080MIA,24.0,5.0,1st quarter,10:15.0,Juwan Howard,CHA,True,2-pointer,0,2-2,'MIA',tied
668,668,668,200902080MIA,35.1,6.7,1st quarter,9:37.0,Juwan Howard,CHA,True,2-pointer,11,4-4,'MIA',tied
669,669,669,200902080MIA,3.9,19.9,1st quarter,8:20.0,D.J. Augustin,CHA,False,3-pointer,25,4-6,'MIA',trails
670,670,670,200902080MIA,41.3,7.0,1st quarter,7:41.0,Juwan Howard,CHA,True,2-pointer,17,6-6,'MIA',tied
671,671,671,200902080MIA,7.6,23.6,1st quarter,7:00.0,D.J. Augustin,CHA,True,3-pointer,25,9-8,'MIA',leads
672,672,672,200902080MIA,24.0,5.0,1st quarter,5:37.0,Juwan Howard,CHA,False,2-pointer,0,9-10,'MIA',trails
673,673,673,200902080MIA,14.2,18.5,1st quarter,5:03.0,Raymond Felton,CHA,False,2-pointer,17,9-10,'MIA',trails
674,674,674,200902080MIA,24.1,9.5,1st quarter,4:30.0,Emeka Okafor,CHA,True,2-pointer,5,11-12,'MIA',trails
675,675,675,200902080MIA,16.5,5.9,1st quarter,3:50.0,Emeka Okafor,CHA,False,2-pointer,8,11-12,'MIA',trails
676,676,676,200902080MIA,15.4,6.5,1st quarter,3:18.0,D.J. Augustin,CHA,False,2-pointer,9,11-12,'MIA',trails
677,677,677,200902080MIA,38.9,24.2,1st quarter,2:45.0,Boris Diaw,CHA,True,3-pointer,24,14-14,'MIA',tied
678,678,678,200902080MIA,24.0,5.0,1st quarter,2:06.0,DeSagana Diop,CHA,True,2-pointer,0,16-14,'MIA',leads
679,679,679,200902080MIA,24.0,5.0,1st quarter,1:30.0,D.J. Augustin,CHA,True,2-pointer,0,18-16,'MIA',leads
680,680,680,200902080MIA,4.2,8.9,1st quarter,0:47.9,Boris Diaw,CHA,False,2-pointer,20,18-16,'MIA',leads
681,681,681,200902080MIA,13.1,17.6,1st quarter,0:21.1,Nazr Mohammed,CHA,True,2-pointer,17,20-18,'MIA',leads
682,682,682,200902080MIA,14.7,7.0,2nd quarter,11:20.0,Nazr Mohammed,CHA,False,2-pointer,10,20-20,'MIA',tied
683,683,683,200902080MIA,24.2,8.4,2nd quarter,11:16.0,Nazr Mohammed,CHA,False,2-pointer,3,20-20,'MIA',tied
684,684,684,200902080MIA,24.0,5.0,2nd quarter,11:14.0,DeSagana Diop,CHA,True,2-pointer,0,22-20,'MIA',leads
685,685,685,200902080MIA,24.0,5.0,2nd quarter,10:39.0,Nazr Mohammed,CHA,False,2-pointer,0,22-20,'MIA',leads
686,686,686,200902080MIA,13.1,17.6,2nd quarter,10:28.0,Cartier Martin,CHA,True,2-pointer,17,25-20,'MIA',leads
687,687,687,200902080MIA,39.9,23.6,2nd quarter,9:24.0,Sean Singletary,CHA,True,3-pointer,24,28-22,'MIA',leads
688,688,688,200902080MIA,30.9,28.1,2nd quarter,8:37.0,Raymond Felton,CHA,False,3-pointer,24,28-24,'MIA',leads
689,689,689,200902080MIA,37.0,26.7,2nd quarter,7:51.0,Raymond Felton,CHA,False,3-pointer,25,28-26,'MIA',leads
690,690,690,200902080MIA,13.1,17.4,2nd quarter,6:56.0,Sean Singletary,CHA,True,2-pointer,17,30-26,'MIA',leads
691,691,691,200902080MIA,0.6,6.1,2nd quarter,5:38.0,Boris Diaw,CHA,False,3-pointer,23,30-29,'MIA',leads
692,692,692,200902080MIA,24.0,5.0,2nd quarter,5:11.0,Emeka Okafor,CHA,True,2-pointer,0,32-29,'MIA',leads
693,693,693,200902080MIA,28.3,19.2,2nd quarter,4:01.0,Juwan Howard,CHA,True,2-pointer,15,34-29,'MIA',leads
694,694,694,200902080MIA,24.1,24.0,2nd quarter,2:44.0,D.J. Augustin,CHA,True,2-pointer,19,36-33,'MIA',leads
695,695,695,200902080MIA,47.3,4.0,2nd quarter,2:11.0,D.J. Augustin,CHA,False,3-pointer,23,36-35,'MIA',leads
696,696,696,200902080MIA,18.6,9.1,2nd quarter,1:43.0,Juwan Howard,CHA,False,2-pointer,7,36-35,'MIA',leads
697,697,697,200902080MIA,0.3,4.5,2nd quarter,1:11.0,Raymond Felton,CHA,False,3-pointer,24,37-37,'MIA',tied
698,698,698,200902080MIA,24.0,5.0,2nd quarter,0:45.8,Raymond Felton,CHA,False,2-pointer,0,37-39,'MIA',trails
699,699,699,200902080MIA,26.3,12.2,2nd quarter,0:07.5,D.J. Augustin,CHA,True,2-pointer,8,39-41,'MIA',trails
700,700,700,200902080MIA,1.4,6.4,3rd quarter,11:15.0,D.J. Augustin,CHA,True,3-pointer,23,42-45,'MIA',trails
701,701,701,200902080MIA,19.2,5.7,3rd quarter,10:28.0,Emeka Okafor,CHA,False,2-pointer,5,42-45,'MIA',trails
702,702,702,200902080MIA,24.0,5.0,3rd quarter,10:16.0,D.J. Augustin,CHA,True,2-pointer,0,44-45,'MIA',trails
703,703,703,200902080MIA,1.1,6.7,3rd quarter,9:27.0,Raymond Felton,CHA,False,3-pointer,23,44-47,'MIA',trails
704,704,704,200902080MIA,4.7,5.3,3rd quarter,9:22.0,D.J. Augustin,CHA,False,2-pointer,19,44-47,'MIA',trails
705,705,705,200902080MIA,35.6,20.6,3rd quarter,8:59.0,Raymond Felton,CHA,False,2-pointer,19,44-47,'MIA',trails
706,706,706,200902080MIA,35.4,16.6,3rd quarter,8:15.0,D.J. Augustin,CHA,False,2-pointer,16,44-47,'MIA',trails
707,707,707,200902080MIA,47.7,6.7,3rd quarter,7:43.0,D.J. Augustin,CHA,True,3-pointer,24,47-47,'MIA',tied
708,708,708,200902080MIA,24.0,5.0,3rd quarter,6:46.0,Emeka Okafor,CHA,True,2-pointer,0,50-50,'MIA',tied
709,709,709,200902080MIA,5.5,20.4,3rd quarter,6:18.0,D.J. Augustin,CHA,True,3-pointer,24,53-50,'MIA',leads
710,710,710,200902080MIA,24.0,5.0,3rd quarter,5:41.0,Emeka Okafor,CHA,True,2-pointer,0,55-52,'MIA',leads
711,711,711,200902080MIA,24.0,5.0,3rd quarter,5:05.0,Raymond Felton,CHA,False,2-pointer,0,55-55,'MIA',tied
712,712,712,200902080MIA,21.3,23.7,3rd quarter,4:37.0,Boris Diaw,CHA,False,2-pointer,19,55-58,'MIA',trails
713,713,713,200902080MIA,24.0,5.0,3rd quarter,4:35.0,Juwan Howard,CHA,True,2-pointer,0,57-58,'MIA',trails
714,714,714,200902080MIA,24.0,5.0,3rd quarter,3:47.0,Juwan Howard,CHA,False,2-pointer,0,57-61,'MIA',trails
715,715,715,200902080MIA,28.3,8.4,3rd quarter,3:34.0,Boris Diaw,CHA,False,2-pointer,5,57-61,'MIA',trails
716,716,716,200902080MIA,24.0,9.4,3rd quarter,3:07.0,DeSagana Diop,CHA,True,2-pointer,4,59-63,'MIA',trails
717,717,717,200902080MIA,14.3,15.4,3rd quarter,2:30.0,Cartier Martin,CHA,False,2-pointer,14,59-63,'MIA',trails
718,718,718,200902080MIA,31.7,5.6,3rd quarter,1:54.0,DeSagana Diop,CHA,False,2-pointer,8,59-63,'MIA',trails
719,719,719,200902080MIA,24.0,5.0,3rd quarter,1:24.0,Boris Diaw,CHA,True,2-pointer,0,61-65,'MIA',trails
720,720,720,200902080MIA,24.0,5.0,3rd quarter,0:03.9,Raymond Felton,CHA,False,2-pointer,0,61-69,'MIA',trails
721,721,721,200902080MIA,24.0,5.0,3rd quarter,0:02.3,Alexis Ajinça,CHA,False,2-pointer,0,61-69,'MIA',trails
722,722,722,200902080MIA,1.1,18.2,3rd quarter,0:00.3,D.J. Augustin,CHA,False,3-pointer,26,61-69,'MIA',trails
723,723,723,200902080MIA,31.7,8.6,4th quarter,11:47.0,Raymond Felton,CHA,True,2-pointer,9,63-69,'MIA',trails
724,724,724,200902080MIA,24.0,5.0,4th quarter,11:15.0,Boris Diaw,CHA,True,2-pointer,0,65-72,'MIA',trails
725,725,725,200902080MIA,37.8,25.3,4th quarter,10:34.0,Boris Diaw,CHA,True,3-pointer,25,68-74,'MIA',trails
726,726,726,200902080MIA,24.0,5.0,4th quarter,9:52.0,Raymond Felton,CHA,True,2-pointer,0,70-74,'MIA',trails
727,727,727,200902080MIA,20.3,11.6,4th quarter,9:12.0,Raymond Felton,CHA,False,2-pointer,8,70-74,'MIA',trails
728,728,728,200902080MIA,24.0,5.0,4th quarter,8:42.0,DeSagana Diop,CHA,False,2-pointer,0,70-76,'MIA',trails
729,729,729,200902080MIA,24.0,5.0,4th quarter,8:39.0,Alexis Ajinça,CHA,False,2-pointer,0,70-76,'MIA',trails
730,730,730,200902080MIA,13.5,22.6,4th quarter,8:05.0,Alexis Ajinça,CHA,True,2-pointer,20,72-76,'MIA',trails
731,731,731,200902080MIA,6.5,5.9,4th quarter,6:56.0,Juwan Howard,CHA,False,2-pointer,18,74-76,'MIA',trails
732,732,732,200902080MIA,46.3,5.9,4th quarter,6:29.0,D.J. Augustin,CHA,True,3-pointer,22,77-79,'MIA',trails
733,733,733,200902080MIA,24.0,5.0,4th quarter,5:46.0,D.J. Augustin,CHA,False,2-pointer,0,77-82,'MIA',trails
734,734,734,200902080MIA,24.7,17.9,4th quarter,5:38.0,Raymond Felton,CHA,False,2-pointer,13,77-82,'MIA',trails
735,735,735,200902080MIA,4.9,20.7,4th quarter,5:09.0,D.J. Augustin,CHA,False,3-pointer,25,77-84,'MIA',trails
736,736,736,200902080MIA,12.8,20.3,4th quarter,4:57.0,Raymond Felton,CHA,True,2-pointer,19,79-84,'MIA',trails
737,737,737,200902080MIA,20.8,7.3,4th quarter,3:54.0,Emeka Okafor,CHA,False,2-pointer,4,79-85,'MIA',trails
738,738,738,200902080MIA,35.0,22.5,4th quarter,3:31.0,Raymond Felton,CHA,False,2-pointer,21,79-85,'MIA',trails
739,739,739,200902080MIA,24.0,5.0,4th quarter,2:54.0,Emeka Okafor,CHA,True,2-pointer,0,81-87,'MIA',trails
740,740,740,200902080MIA,24.0,5.0,4th quarter,2:06.0,DeSagana Diop,CHA,True,2-pointer,0,83-89,'MIA',trails
741,741,741,200902080MIA,24.0,5.0,4th quarter,1:46.0,Juwan Howard,CHA,True,2-pointer,0,85-91,'MIA',trails
742,742,742,200902080MIA,21.6,31.0,4th quarter,0:43.2,Raymond Felton,CHA,True,3-pointer,26,89-93,'MIA',trails
743,743,743,200902080MIA,11.7,26.6,4th quarter,0:14.9,Raymond Felton,CHA,False,3-pointer,25,89-95,'MIA',trails
744,744,744,200902080MIA,40.5,24.2,4th quarter,0:05.5,D.J. Augustin,CHA,True,3-pointer,25,92-96,'MIA',trails
745,745,745,200902080MIA,15.1,18.1,1st quarter,11:15.0,Udonis Haslem,MIA,True,2-pointer,16,2-0,'MIA',leads
746,746,746,200902080MIA,30.4,8.6,1st quarter,10:36.0,Shawn Marion,MIA,False,2-pointer,7,2-0,'MIA',leads
747,747,747,200902080MIA,24.0,5.0,1st quarter,9:54.0,Jamaal Magloire,MIA,True,2-pointer,0,4-2,'MIA',leads
748,748,748,200902080MIA,29.0,29.1,1st quarter,9:12.0,Mario Chalmers,MIA,False,3-pointer,25,4-4,'MIA',tied
749,749,749,200902080MIA,24.0,5.0,1st quarter,8:40.0,Shawn Marion,MIA,True,2-pointer,0,6-4,'MIA',leads
750,750,750,200902080MIA,37.5,18.5,1st quarter,8:04.0,Shawn Marion,MIA,False,2-pointer,19,6-4,'MIA',leads
751,751,751,200902080MIA,8.7,24.5,1st quarter,7:58.0,Dwyane Wade,MIA,False,3-pointer,25,6-4,'MIA',leads
752,752,752,200902080MIA,24.0,5.0,1st quarter,7:17.0,Dwyane Wade,MIA,True,2-pointer,0,8-6,'MIA',leads
753,753,753,200902080MIA,7.1,5.1,1st quarter,6:40.0,Udonis Haslem,MIA,False,2-pointer,17,8-9,'MIA',trails
754,754,754,200902080MIA,24.0,5.0,1st quarter,6:25.0,Udonis Haslem,MIA,True,2-pointer,0,10-9,'MIA',leads
755,755,755,200902080MIA,5.7,5.0,1st quarter,5:22.0,Dwyane Wade,MIA,False,2-pointer,18,10-9,'MIA',leads
756,756,756,200902080MIA,30.2,9.7,1st quarter,4:47.0,Shawn Marion,MIA,True,2-pointer,8,12-9,'MIA',leads
757,757,757,200902080MIA,24.0,5.0,1st quarter,3:09.0,Dwyane Wade,MIA,True,2-pointer,0,14-11,'MIA',leads
758,758,758,200902080MIA,24.1,22.0,1st quarter,2:20.0,Mario Chalmers,MIA,False,2-pointer,17,14-14,'MIA',tied
759,759,759,200902080MIA,24.7,6.7,1st quarter,1:45.0,Joel Anthony,MIA,True,2-pointer,2,16-16,'MIA',tied
760,760,760,200902080MIA,9.1,24.8,1st quarter,1:01.0,Daequan Cook,MIA,False,3-pointer,25,16-18,'MIA',trails
761,761,761,200902080MIA,6.3,4.4,1st quarter,0:40.8,Michael Beasley,MIA,True,2-pointer,18,18-18,'MIA',tied
762,762,762,200902080MIA,24.1,18.1,2nd quarter,11:38.0,Chris Quinn,MIA,True,2-pointer,13,20-20,'MIA',tied
763,763,763,200902080MIA,20.3,29.2,2nd quarter,10:47.0,Chris Quinn,MIA,False,3-pointer,24,20-22,'MIA',trails
764,764,764,200902080MIA,4.7,6.2,2nd quarter,10:11.0,Michael Beasley,MIA,False,2-pointer,19,20-25,'MIA',trails
765,765,765,200902080MIA,19.7,22.3,2nd quarter,9:44.0,Chris Quinn,MIA,True,2-pointer,18,22-25,'MIA',trails
766,766,766,200902080MIA,38.1,17.9,2nd quarter,9:00.0,James Jones,MIA,True,2-pointer,19,24-28,'MIA',trails
767,767,767,200902080MIA,24.0,5.0,2nd quarter,8:18.0,Michael Beasley,MIA,True,2-pointer,0,26-28,'MIA',trails
768,768,768,200902080MIA,14.8,17.3,2nd quarter,7:07.0,Michael Beasley,MIA,False,2-pointer,15,26-28,'MIA',trails
769,769,769,200902080MIA,46.8,6.2,2nd quarter,6:32.0,Daequan Cook,MIA,True,3-pointer,23,29-30,'MIA',trails
770,770,770,200902080MIA,24.0,5.0,2nd quarter,5:49.0,Chris Quinn,MIA,False,2-pointer,0,29-30,'MIA',trails
771,771,771,200902080MIA,24.0,5.0,2nd quarter,5:17.0,Dwyane Wade,MIA,False,2-pointer,0,29-30,'MIA',trails
772,772,772,200902080MIA,37.8,25.3,2nd quarter,4:47.0,James Jones,MIA,False,3-pointer,25,29-32,'MIA',trails
773,773,773,200902080MIA,42.4,21.2,2nd quarter,4:10.0,James Jones,MIA,False,3-pointer,25,29-32,'MIA',trails
774,774,774,200902080MIA,24.0,5.0,2nd quarter,3:24.0,Dwyane Wade,MIA,True,2-pointer,0,31-34,'MIA',trails
775,775,775,200902080MIA,16.2,19.3,2nd quarter,2:58.0,Dwyane Wade,MIA,True,2-pointer,16,33-34,'MIA',trails
776,776,776,200902080MIA,24.0,5.0,2nd quarter,2:29.0,Dwyane Wade,MIA,True,2-pointer,0,35-36,'MIA',trails
777,777,777,200902080MIA,12.6,19.3,2nd quarter,1:56.0,Dwyane Wade,MIA,False,2-pointer,18,35-36,'MIA',trails
778,778,778,200902080MIA,15.1,18.8,2nd quarter,1:34.0,Mario Chalmers,MIA,True,2-pointer,16,37-36,'MIA',leads
779,779,779,200902080MIA,17.8,19.6,2nd quarter,0:59.8,Udonis Haslem,MIA,True,2-pointer,16,39-37,'MIA',leads
780,780,780,200902080MIA,24.0,5.0,2nd quarter,0:29.8,Udonis Haslem,MIA,True,2-pointer,0,41-37,'MIA',leads
781,781,781,200902080MIA,17.0,12.1,2nd quarter,0:00.0,Mario Chalmers,MIA,True,2-pointer,10,43-39,'MIA',leads
782,782,782,200902080MIA,24.0,5.0,3rd quarter,11:37.0,Jamaal Magloire,MIA,True,2-pointer,0,45-39,'MIA',leads
783,783,783,200902080MIA,10.2,5.3,3rd quarter,10:52.0,Udonis Haslem,MIA,False,2-pointer,14,45-42,'MIA',leads
784,784,784,200902080MIA,15.4,17.7,3rd quarter,10:45.0,Dwyane Wade,MIA,False,2-pointer,15,45-42,'MIA',leads
785,785,785,200902080MIA,25.0,12.8,3rd quarter,10:40.0,Shawn Marion,MIA,False,2-pointer,8,45-42,'MIA',leads
786,786,786,200902080MIA,36.7,12.7,3rd quarter,9:48.0,Shawn Marion,MIA,True,2-pointer,15,47-44,'MIA',leads
787,787,787,200902080MIA,46.6,5.9,3rd quarter,9:07.0,Shawn Marion,MIA,False,3-pointer,23,47-44,'MIA',leads
788,788,788,200902080MIA,24.0,5.0,3rd quarter,7:53.0,Dwyane Wade,MIA,False,2-pointer,0,47-44,'MIA',leads
789,789,789,200902080MIA,24.0,5.0,3rd quarter,7:06.0,Dwyane Wade,MIA,True,2-pointer,0,50-48,'MIA',leads
790,790,790,200902080MIA,24.0,5.0,3rd quarter,5:59.0,Dwyane Wade,MIA,True,2-pointer,0,52-53,'MIA',trails
791,791,791,200902080MIA,24.6,29.4,3rd quarter,5:25.0,Dwyane Wade,MIA,True,3-pointer,24,55-55,'MIA',tied
792,792,792,200902080MIA,41.6,22.5,3rd quarter,4:56.0,Mario Chalmers,MIA,True,3-pointer,25,58-55,'MIA',leads
793,793,793,200902080MIA,7.6,4.8,3rd quarter,4:15.0,Dwyane Wade,MIA,False,2-pointer,16,58-57,'MIA',leads
794,794,794,200902080MIA,34.8,27.0,3rd quarter,4:04.0,Mario Chalmers,MIA,True,3-pointer,25,61-57,'MIA',leads
795,795,795,200902080MIA,15.9,8.4,3rd quarter,3:25.0,Mario Chalmers,MIA,True,2-pointer,9,63-57,'MIA',leads
796,796,796,200902080MIA,3.1,19.3,3rd quarter,2:44.0,Mario Chalmers,MIA,False,3-pointer,25,63-59,'MIA',leads
797,797,797,200902080MIA,24.0,5.0,3rd quarter,2:14.0,Shawn Marion,MIA,False,2-pointer,0,63-59,'MIA',leads
798,798,798,200902080MIA,20.0,8.9,3rd quarter,2:09.0,Shawn Marion,MIA,False,2-pointer,6,63-59,'MIA',leads
799,799,799,200902080MIA,1.1,4.8,3rd quarter,1:40.0,Daequan Cook,MIA,False,3-pointer,23,63-59,'MIA',leads
800,800,800,200902080MIA,24.0,5.0,3rd quarter,1:38.0,Shawn Marion,MIA,True,2-pointer,0,65-59,'MIA',leads
801,801,801,200902080MIA,25.5,23.7,3rd quarter,1:01.0,Daequan Cook,MIA,True,2-pointer,19,67-61,'MIA',leads
802,802,802,200902080MIA,12.9,18.1,3rd quarter,0:23.1,Udonis Haslem,MIA,True,2-pointer,17,69-61,'MIA',leads
803,803,803,200902080MIA,35.1,27.4,4th quarter,11:32.0,Daequan Cook,MIA,True,3-pointer,25,72-63,'MIA',leads
804,804,804,200902080MIA,24.0,5.0,4th quarter,10:57.0,Daequan Cook,MIA,True,2-pointer,0,74-65,'MIA',leads
805,805,805,200902080MIA,23.8,14.6,4th quarter,10:04.0,Chris Quinn,MIA,False,2-pointer,10,74-68,'MIA',leads
806,806,806,200902080MIA,19.7,13.5,4th quarter,8:58.0,Chris Quinn,MIA,True,2-pointer,10,76-70,'MIA',leads
807,807,807,200902080MIA,24.1,24.0,4th quarter,8:22.0,Daequan Cook,MIA,False,2-pointer,19,76-70,'MIA',leads
808,808,808,200902080MIA,38.7,24.8,4th quarter,7:40.0,Daequan Cook,MIA,False,3-pointer,25,76-72,'MIA',leads
809,809,809,200902080MIA,15.9,13.9,4th quarter,7:11.0,Dwyane Wade,MIA,False,2-pointer,12,76-74,'MIA',leads
810,810,810,200902080MIA,5.7,20.7,4th quarter,6:47.0,Daequan Cook,MIA,True,3-pointer,24,79-74,'MIA',leads
811,811,811,200902080MIA,25.2,29.2,4th quarter,6:06.0,Daequan Cook,MIA,True,3-pointer,24,82-77,'MIA',leads
812,812,812,200902080MIA,24.0,5.0,4th quarter,5:28.0,Joel Anthony,MIA,True,2-pointer,0,84-77,'MIA',leads
813,813,813,200902080MIA,24.0,5.0,4th quarter,4:15.0,Joel Anthony,MIA,False,2-pointer,0,85-79,'MIA',leads
814,814,814,200902080MIA,15.4,18.1,4th quarter,3:15.0,Mario Chalmers,MIA,True,2-pointer,16,87-79,'MIA',leads
815,815,815,200902080MIA,24.0,5.0,4th quarter,2:29.0,Dwyane Wade,MIA,True,2-pointer,0,89-81,'MIA',leads
816,816,816,200902080MIA,12.8,17.3,4th quarter,1:49.0,Udonis Haslem,MIA,True,2-pointer,17,91-83,'MIA',leads
817,817,817,200902080MIA,8.0,4.7,4th quarter,1:27.0,Dwyane Wade,MIA,True,2-pointer,16,93-85,'MIA',leads
818,818,818,200902080MIA,4.4,6.9,4th quarter,1:02.0,Mario Chalmers,MIA,False,2-pointer,20,93-86,'MIA',leads
819,819,819,200902080MIA,29.0,11.6,4th quarter,0:27.9,Dwyane Wade,MIA,False,2-pointer,8,93-89,'MIA',leads
820,820,820,200902080NOH,13.2,13.0,1st quarter,11:41.0,Al Jefferson,MIN,False,2-pointer,13,0-0,'NOH',tied
821,821,821,200902080NOH,24.0,5.0,1st quarter,11:11.0,Kevin Love,MIN,True,2-pointer,0,2-2,'NOH',tied
822,822,822,200902080NOH,1.1,8.6,1st quarter,10:24.0,Sebastian Telfair,MIN,True,3-pointer,23,5-5,'NOH',tied
823,823,823,200902080NOH,40.8,13.0,1st quarter,9:39.0,Sebastian Telfair,MIN,False,2-pointer,19,5-7,'NOH',trails
824,824,824,200902080NOH,24.0,5.0,1st quarter,9:20.0,Randy Foye,MIN,False,2-pointer,0,5-7,'NOH',trails
825,825,825,200902080NOH,24.0,5.0,1st quarter,9:19.0,Kevin Love,MIN,True,2-pointer,0,7-7,'NOH',tied
826,826,826,200902080NOH,35.9,9.1,1st quarter,8:49.0,Al Jefferson,MIN,True,2-pointer,13,9-7,'NOH',leads
827,827,827,200902080NOH,24.0,5.0,1st quarter,8:15.0,Randy Foye,MIN,True,2-pointer,0,11-7,'NOH',leads
828,828,828,200902080NOH,35.9,22.8,1st quarter,7:42.0,Randy Foye,MIN,False,2-pointer,21,11-7,'NOH',leads
829,829,829,200902080NOH,24.0,5.0,1st quarter,7:05.0,Al Jefferson,MIN,True,2-pointer,0,13-9,'NOH',leads
830,830,830,200902080NOH,12.1,20.3,1st quarter,6:31.0,Ryan Gomes,MIN,True,2-pointer,19,15-11,'NOH',leads
831,831,831,200902080NOH,21.6,12.5,1st quarter,5:31.0,Al Jefferson,MIN,True,2-pointer,8,19-14,'NOH',leads
832,832,832,200902080NOH,30.4,9.8,1st quarter,4:44.0,Kevin Love,MIN,True,2-pointer,8,21-14,'NOH',leads
833,833,833,200902080NOH,24.0,5.0,1st quarter,3:12.0,Kevin Love,MIN,True,2-pointer,0,23-18,'NOH',leads
834,834,834,200902080NOH,9.8,16.3,1st quarter,2:11.0,Al Jefferson,MIN,False,2-pointer,18,23-20,'NOH',leads
835,835,835,200902080NOH,41.1,6.4,1st quarter,1:37.0,Randy Foye,MIN,True,2-pointer,17,25-20,'NOH',leads
836,836,836,200902080NOH,47.6,6.1,1st quarter,1:15.0,Rodney Carney,MIN,False,3-pointer,24,25-20,'NOH',leads
837,837,837,200902080NOH,24.0,5.0,1st quarter,0:38.2,Mike Miller,MIN,True,2-pointer,0,27-20,'NOH',leads
838,838,838,200902080NOH,24.0,5.0,1st quarter,0:17.0,Al Jefferson,MIN,True,2-pointer,0,30-22,'NOH',leads
839,839,839,200902080NOH,6.3,36.5,1st quarter,0:00.0,Randy Foye,MIN,False,3-pointer,36,31-24,'NOH',leads
840,840,840,200902080NOH,41.4,22.2,2nd quarter,11:28.0,Brian Cardinal,MIN,False,3-pointer,24,31-24,'NOH',leads
841,841,841,200902080NOH,35.0,26.6,2nd quarter,11:17.0,Rashad McCants,MIN,False,3-pointer,24,31-24,'NOH',leads
842,842,842,200902080NOH,34.2,20.6,2nd quarter,10:39.0,Rashad McCants,MIN,False,2-pointer,19,31-26,'NOH',leads
843,843,843,200902080NOH,24.0,5.0,2nd quarter,9:59.0,Mike Miller,MIN,False,2-pointer,0,33-27,'NOH',leads
844,844,844,200902080NOH,24.0,5.0,2nd quarter,9:58.0,Rashad McCants,MIN,True,2-pointer,0,35-27,'NOH',leads
845,845,845,200902080NOH,24.0,5.0,2nd quarter,9:09.0,Kevin Love,MIN,False,2-pointer,0,35-30,'NOH',leads
846,846,846,200902080NOH,5.3,23.6,2nd quarter,8:28.0,Brian Cardinal,MIN,False,3-pointer,26,35-30,'NOH',leads
847,847,847,200902080NOH,0.8,8.6,2nd quarter,7:19.0,Mike Miller,MIN,True,3-pointer,23,39-33,'NOH',leads
848,848,848,200902080NOH,24.0,5.0,2nd quarter,6:48.0,Rodney Carney,MIN,False,2-pointer,0,39-33,'NOH',leads
849,849,849,200902080NOH,24.0,5.0,2nd quarter,6:46.0,Rodney Carney,MIN,False,2-pointer,0,39-33,'NOH',leads
850,850,850,200902080NOH,24.0,5.0,2nd quarter,6:34.0,Rodney Carney,MIN,True,2-pointer,0,41-35,'NOH',leads
851,851,851,200902080NOH,23.0,10.2,2nd quarter,5:47.0,Al Jefferson,MIN,True,2-pointer,5,43-37,'NOH',leads
852,852,852,200902080NOH,40.5,24.0,2nd quarter,5:10.0,Rodney Carney,MIN,True,3-pointer,25,46-37,'NOH',leads
853,853,853,200902080NOH,13.2,27.0,2nd quarter,4:34.0,Rodney Carney,MIN,False,3-pointer,25,46-39,'NOH',leads
854,854,854,200902080NOH,7.4,10.3,2nd quarter,3:55.0,Sebastian Telfair,MIN,False,2-pointer,17,46-41,'NOH',leads
855,855,855,200902080NOH,24.0,5.0,2nd quarter,3:36.0,Ryan Gomes,MIN,True,2-pointer,0,48-41,'NOH',leads
856,856,856,200902080NOH,24.4,12.7,2nd quarter,2:19.0,Ryan Gomes,MIN,False,2-pointer,8,48-43,'NOH',leads
857,857,857,200902080NOH,12.9,8.0,2nd quarter,1:08.0,Al Jefferson,MIN,False,2-pointer,12,50-45,'NOH',leads
858,858,858,200902080NOH,38.1,10.8,2nd quarter,0:29.4,Sebastian Telfair,MIN,True,2-pointer,15,52-49,'NOH',leads
859,859,859,200902080NOH,24.0,14.6,2nd quarter,0:00.0,Al Jefferson,MIN,False,2-pointer,10,52-49,'NOH',leads
860,860,860,200902080NOH,12.0,11.7,3rd quarter,11:22.0,Al Jefferson,MIN,True,2-pointer,14,54-49,'NOH',leads
861,861,861,200902080NOH,17.0,8.7,3rd quarter,10:43.0,Sebastian Telfair,MIN,True,2-pointer,8,56-52,'NOH',leads
862,862,862,200902080NOH,9.6,12.1,3rd quarter,10:13.0,Al Jefferson,MIN,True,2-pointer,16,59-52,'NOH',leads
863,863,863,200902080NOH,1.4,7.8,3rd quarter,9:43.0,Randy Foye,MIN,False,3-pointer,23,59-54,'NOH',leads
864,864,864,200902080NOH,44.3,19.5,3rd quarter,9:12.0,Ryan Gomes,MIN,True,3-pointer,25,62-56,'NOH',leads
865,865,865,200902080NOH,24.0,5.0,3rd quarter,8:43.0,Randy Foye,MIN,False,2-pointer,0,62-56,'NOH',leads
866,866,866,200902080NOH,24.0,5.0,3rd quarter,8:41.0,Kevin Love,MIN,True,2-pointer,0,64-56,'NOH',leads
867,867,867,200902080NOH,24.0,5.0,3rd quarter,7:34.0,Ryan Gomes,MIN,False,2-pointer,0,65-58,'NOH',leads
868,868,868,200902080NOH,21.3,17.9,3rd quarter,6:58.0,Kevin Love,MIN,False,2-pointer,13,65-58,'NOH',leads
869,869,869,200902080NOH,27.1,27.7,3rd quarter,6:15.0,Al Jefferson,MIN,False,2-pointer,23,65-59,'NOH',leads
870,870,870,200902080NOH,13.1,12.2,3rd quarter,6:09.0,Al Jefferson,MIN,True,2-pointer,13,67-59,'NOH',leads
871,871,871,200902080NOH,43.5,20.1,3rd quarter,5:13.0,Ryan Gomes,MIN,True,3-pointer,25,70-61,'NOH',leads
872,872,872,200902080NOH,7.9,9.8,3rd quarter,4:50.0,Al Jefferson,MIN,False,2-pointer,17,70-63,'NOH',leads
873,873,873,200902080NOH,23.8,15.5,3rd quarter,4:41.0,Ryan Gomes,MIN,False,2-pointer,11,70-63,'NOH',leads
874,874,874,200902080NOH,38.4,25.6,3rd quarter,3:58.0,Ryan Gomes,MIN,True,3-pointer,25,73-66,'NOH',leads
875,875,875,200902080NOH,40.8,22.8,3rd quarter,3:10.0,Ryan Gomes,MIN,True,3-pointer,24,76-68,'NOH',leads
876,876,876,200902080NOH,24.0,5.0,3rd quarter,2:06.0,Al Jefferson,MIN,True,2-pointer,0,78-72,'NOH',leads
877,877,877,200902080NOH,36.1,7.6,3rd quarter,1:40.0,Al Jefferson,MIN,True,2-pointer,12,80-72,'NOH',leads
878,878,878,200902080NOH,26.8,31.1,3rd quarter,0:50.2,Sebastian Telfair,MIN,False,3-pointer,26,80-72,'NOH',leads
879,879,879,200902080NOH,23.2,30.2,3rd quarter,0:21.9,Ryan Gomes,MIN,False,3-pointer,25,80-74,'NOH',leads
880,880,880,200902080NOH,9.9,24.8,4th quarter,11:38.0,Randy Foye,MIN,False,3-pointer,24,80-76,'NOH',leads
881,881,881,200902080NOH,46.8,5.9,4th quarter,11:04.0,Rodney Carney,MIN,False,3-pointer,23,80-79,'NOH',leads
882,882,882,200902080NOH,2.8,6.4,4th quarter,10:31.0,Randy Foye,MIN,True,2-pointer,21,82-79,'NOH',leads
883,883,883,200902080NOH,2.0,16.3,4th quarter,9:50.0,Mike Miller,MIN,False,3-pointer,25,82-79,'NOH',leads
884,884,884,200902080NOH,24.0,5.0,4th quarter,9:48.0,Brian Cardinal,MIN,False,2-pointer,0,82-79,'NOH',leads
885,885,885,200902080NOH,24.0,5.0,4th quarter,9:17.0,Randy Foye,MIN,False,2-pointer,0,82-79,'NOH',leads
886,886,886,200902080NOH,47.1,10.0,4th quarter,7:50.0,Mike Miller,MIN,False,3-pointer,24,83-82,'NOH',leads
887,887,887,200902080NOH,24.6,31.9,4th quarter,6:51.0,Mike Miller,MIN,False,3-pointer,27,83-85,'NOH',trails
888,888,888,200902080NOH,44.7,22.0,4th quarter,6:32.0,Randy Foye,MIN,False,3-pointer,27,83-85,'NOH',trails
889,889,889,200902080NOH,35.3,28.5,4th quarter,6:12.0,Ryan Gomes,MIN,True,3-pointer,26,86-85,'NOH',leads
890,890,890,200902080NOH,45.8,16.6,4th quarter,5:28.0,Randy Foye,MIN,False,3-pointer,25,86-85,'NOH',leads
891,891,891,200902080NOH,15.1,11.0,4th quarter,5:01.0,Sebastian Telfair,MIN,True,2-pointer,11,88-85,'NOH',leads
892,892,892,200902080NOH,24.0,5.0,4th quarter,4:26.0,Sebastian Telfair,MIN,False,2-pointer,0,88-85,'NOH',leads
893,893,893,200902080NOH,4.9,20.3,4th quarter,3:47.0,Randy Foye,MIN,False,3-pointer,24,88-87,'NOH',leads
894,894,894,200902080NOH,13.7,10.0,4th quarter,3:12.0,Al Jefferson,MIN,False,2-pointer,11,88-88,'NOH',tied
895,895,895,200902080NOH,24.0,5.0,4th quarter,2:44.0,Randy Foye,MIN,True,2-pointer,0,90-88,'NOH',leads
896,896,896,200902080NOH,0.9,10.8,4th quarter,2:07.0,Sebastian Telfair,MIN,False,3-pointer,24,90-90,'NOH',tied
897,897,897,200902080NOH,9.8,12.4,4th quarter,2:03.0,Al Jefferson,MIN,False,2-pointer,16,90-90,'NOH',tied
898,898,898,200902080NOH,24.0,5.0,4th quarter,1:31.0,Sebastian Telfair,MIN,True,2-pointer,0,92-92,'NOH',tied
899,899,899,200902080NOH,24.0,5.0,4th quarter,0:59.9,Randy Foye,MIN,False,2-pointer,0,92-94,'NOH',trails
900,900,900,200902080NOH,24.0,5.0,4th quarter,0:52.9,Ryan Gomes,MIN,False,2-pointer,0,92-94,'NOH',trails
901,901,901,200902080NOH,24.0,5.0,4th quarter,0:51.9,Ryan Gomes,MIN,False,2-pointer,0,92-94,'NOH',trails
902,902,902,200902080NOH,24.0,5.0,4th quarter,0:49.5,Ryan Gomes,MIN,True,2-pointer,0,94-94,'NOH',tied
903,903,903,200902080NOH,4.2,21.7,1st quarter,10:52.0,Rasual Butler,NOH,True,3-pointer,26,5-2,'NOH',leads
904,904,904,200902080NOH,27.7,17.4,1st quarter,10:00.0,Rasual Butler,NOH,True,2-pointer,13,7-5,'NOH',leads
905,905,905,200902080NOH,0.1,15.1,1st quarter,9:26.0,Peja Stojaković,NOH,False,3-pointer,26,7-5,'NOH',leads
906,906,906,200902080NOH,39.1,10.2,1st quarter,9:04.0,David West,NOH,False,2-pointer,16,7-7,'NOH',tied
907,907,907,200902080NOH,43.2,5.7,1st quarter,7:51.0,Rasual Butler,NOH,False,2-pointer,19,7-11,'NOH',trails
908,908,908,200902080NOH,6.6,6.7,1st quarter,7:29.0,Rasual Butler,NOH,True,2-pointer,17,9-11,'NOH',trails
909,909,909,200902080NOH,24.0,5.0,1st quarter,6:44.0,Ryan Bowen,NOH,True,2-pointer,0,11-13,'NOH',trails
910,910,910,200902080NOH,24.0,5.0,1st quarter,6:24.0,Ryan Bowen,NOH,True,2-pointer,0,13-15,'NOH',trails
911,911,911,200902080NOH,37.0,25.8,1st quarter,5:00.0,Rasual Butler,NOH,False,3-pointer,25,14-19,'NOH',trails
912,912,912,200902080NOH,35.8,18.8,1st quarter,4:33.0,David West,NOH,False,2-pointer,18,14-21,'NOH',trails
913,913,913,200902080NOH,38.0,8.3,1st quarter,3:47.0,Peja Stojaković,NOH,True,2-pointer,14,16-21,'NOH',trails
914,914,914,200902080NOH,40.2,6.2,1st quarter,3:26.0,Rasual Butler,NOH,True,2-pointer,16,18-21,'NOH',trails
915,915,915,200902080NOH,23.2,31.1,1st quarter,2:56.0,Peja Stojaković,NOH,False,3-pointer,26,18-23,'NOH',trails
916,916,916,200902080NOH,24.0,5.0,1st quarter,2:39.0,Rasual Butler,NOH,True,2-pointer,0,20-23,'NOH',trails
917,917,917,200902080NOH,24.6,11.9,1st quarter,1:53.0,David West,NOH,False,2-pointer,7,20-23,'NOH',trails
918,918,918,200902080NOH,38.7,6.5,1st quarter,1:24.0,Antonio Daniels,NOH,False,2-pointer,15,20-25,'NOH',trails
919,919,919,200902080NOH,7.7,5.9,1st quarter,0:51.9,Peja Stojaković,NOH,False,2-pointer,16,20-25,'NOH',trails
920,920,920,200902080NOH,26.4,14.4,1st quarter,0:30.2,Devin Brown,NOH,True,2-pointer,10,22-28,'NOH',trails
921,921,921,200902080NOH,26.0,12.8,1st quarter,0:03.3,Sean Marks,NOH,True,2-pointer,8,24-31,'NOH',trails
922,922,922,200902080NOH,41.7,14.3,2nd quarter,9:40.0,Devin Brown,NOH,False,2-pointer,20,27-35,'NOH',trails
923,923,923,200902080NOH,3.8,20.3,2nd quarter,9:02.0,James Posey,NOH,False,3-pointer,25,30-35,'NOH',trails
924,924,924,200902080NOH,11.0,25.5,2nd quarter,8:42.0,James Posey,NOH,False,3-pointer,24,30-35,'NOH',trails
925,925,925,200902080NOH,36.9,10.5,2nd quarter,7:52.0,Devin Brown,NOH,False,2-pointer,14,30-36,'NOH',trails
926,926,926,200902080NOH,27.6,11.0,2nd quarter,7:30.0,Devin Brown,NOH,True,2-pointer,7,33-36,'NOH',trails
927,927,927,200902080NOH,24.0,5.0,2nd quarter,7:03.0,Devin Brown,NOH,False,2-pointer,0,33-39,'NOH',trails
928,928,928,200902080NOH,24.0,5.0,2nd quarter,6:10.0,David West,NOH,True,2-pointer,0,37-41,'NOH',trails
929,929,929,200902080NOH,8.5,13.5,2nd quarter,4:56.0,David West,NOH,True,2-pointer,18,39-46,'NOH',trails
930,930,930,200902080NOH,24.0,5.0,2nd quarter,4:12.0,David West,NOH,True,2-pointer,0,41-46,'NOH',trails
931,931,931,200902080NOH,24.0,5.0,2nd quarter,3:19.0,David West,NOH,True,2-pointer,0,43-48,'NOH',trails
932,932,932,200902080NOH,43.3,19.8,2nd quarter,2:58.0,Peja Stojaković,NOH,False,3-pointer,24,43-48,'NOH',trails
933,933,933,200902080NOH,48.1,8.4,2nd quarter,2:33.0,Peja Stojaković,NOH,False,3-pointer,24,43-48,'NOH',trails
934,934,934,200902080NOH,38.1,16.2,2nd quarter,1:30.0,Antonio Daniels,NOH,True,2-pointer,18,45-50,'NOH',trails
935,935,935,200902080NOH,41.6,7.5,2nd quarter,0:55.1,Rasual Butler,NOH,True,2-pointer,18,47-50,'NOH',trails
936,936,936,200902080NOH,38.1,13.6,2nd quarter,0:40.0,Antonio Daniels,NOH,True,2-pointer,17,49-50,'NOH',trails
937,937,937,200902080NOH,27.1,13.5,2nd quarter,0:05.9,James Posey,NOH,False,2-pointer,9,49-52,'NOH',trails
938,938,938,200902080NOH,14.2,28.6,3rd quarter,11:37.0,Antonio Daniels,NOH,False,3-pointer,26,49-52,'NOH',trails
939,939,939,200902080NOH,24.0,5.0,3rd quarter,10:58.0,Sean Marks,NOH,True,2-pointer,0,51-54,'NOH',trails
940,940,940,200902080NOH,29.0,27.5,3rd quarter,10:24.0,Antonio Daniels,NOH,False,2-pointer,23,52-57,'NOH',trails
941,941,941,200902080NOH,39.7,10.8,3rd quarter,9:28.0,Rasual Butler,NOH,True,2-pointer,17,56-59,'NOH',trails
942,942,942,200902080NOH,8.3,5.6,3rd quarter,9:00.0,Ryan Bowen,NOH,False,2-pointer,16,56-62,'NOH',trails
943,943,943,200902080NOH,35.1,12.7,3rd quarter,8:01.0,Antonio Daniels,NOH,True,2-pointer,14,58-65,'NOH',trails
944,944,944,200902080NOH,24.0,5.0,3rd quarter,7:14.0,Peja Stojaković,NOH,False,2-pointer,0,58-65,'NOH',trails
945,945,945,200902080NOH,23.8,29.2,3rd quarter,6:38.0,Peja Stojaković,NOH,False,3-pointer,24,59-65,'NOH',trails
946,946,946,200902080NOH,35.4,26.1,3rd quarter,5:42.0,Peja Stojaković,NOH,False,3-pointer,24,59-67,'NOH',trails
947,947,947,200902080NOH,24.4,11.3,3rd quarter,5:36.0,James Posey,NOH,True,2-pointer,6,61-67,'NOH',trails
948,948,948,200902080NOH,34.6,17.3,3rd quarter,5:02.0,Sean Marks,NOH,True,2-pointer,16,63-70,'NOH',trails
949,949,949,200902080NOH,45.4,17.9,3rd quarter,4:27.0,James Posey,NOH,True,3-pointer,25,66-70,'NOH',trails
950,950,950,200902080NOH,6.3,7.0,3rd quarter,3:33.0,Sean Marks,NOH,False,2-pointer,18,66-73,'NOH',trails
951,951,951,200902080NOH,24.0,5.0,3rd quarter,3:29.0,Sean Marks,NOH,True,2-pointer,0,68-73,'NOH',trails
952,952,952,200902080NOH,24.0,5.0,3rd quarter,2:25.0,Antonio Daniels,NOH,True,2-pointer,0,72-76,'NOH',trails
953,953,953,200902080NOH,37.8,16.3,3rd quarter,1:47.0,Rasual Butler,NOH,False,2-pointer,18,72-78,'NOH',trails
954,954,954,200902080NOH,7.2,11.1,3rd quarter,1:14.0,Antonio Daniels,NOH,False,2-pointer,18,72-80,'NOH',trails
955,955,955,200902080NOH,24.0,5.0,3rd quarter,0:44.0,Antonio Daniels,NOH,True,2-pointer,0,74-80,'NOH',trails
956,956,956,200902080NOH,22.7,27.5,3rd quarter,0:02.2,Sean Marks,NOH,True,2-pointer,23,76-80,'NOH',trails
957,957,957,200902080NOH,24.0,5.0,4th quarter,11:16.0,Rasual Butler,NOH,True,2-pointer,0,78-80,'NOH',trails
958,958,958,200902080NOH,26.8,29.2,4th quarter,10:49.0,Rasual Butler,NOH,False,3-pointer,24,79-80,'NOH',trails
959,959,959,200902080NOH,39.1,25.1,4th quarter,9:33.0,James Posey,NOH,False,3-pointer,25,79-82,'NOH',trails
960,960,960,200902080NOH,15.9,11.1,4th quarter,8:59.0,Devin Brown,NOH,False,2-pointer,10,79-82,'NOH',trails
961,961,961,200902080NOH,47.1,8.0,4th quarter,8:31.0,Devin Brown,NOH,True,3-pointer,23,82-83,'NOH',trails
962,962,962,200902080NOH,24.0,5.0,4th quarter,8:11.0,Julian Wright,NOH,False,2-pointer,0,82-83,'NOH',trails
963,963,963,200902080NOH,33.2,9.8,4th quarter,5:49.0,Devin Brown,NOH,False,2-pointer,10,85-86,'NOH',trails
964,964,964,200902080NOH,38.0,11.9,4th quarter,5:12.0,Peja Stojaković,NOH,False,2-pointer,16,85-86,'NOH',trails
965,965,965,200902080NOH,34.2,14.4,4th quarter,4:37.0,Rasual Butler,NOH,False,2-pointer,14,85-88,'NOH',trails
966,966,966,200902080NOH,25.0,27.7,4th quarter,3:02.0,Sean Marks,NOH,False,2-pointer,23,88-88,'NOH',tied
967,967,967,200902080NOH,18.0,21.8,4th quarter,2:30.0,Peja Stojaković,NOH,True,2-pointer,18,90-90,'NOH',tied
968,968,968,200902080NOH,24.0,5.0,4th quarter,1:53.0,Rasual Butler,NOH,True,2-pointer,0,92-90,'NOH',leads
969,969,969,200902080NOH,14.2,6.5,4th quarter,1:14.0,Rasual Butler,NOH,False,2-pointer,10,92-92,'NOH',tied
970,970,970,200902080NOH,24.0,5.0,4th quarter,0:07.9,Sean Marks,NOH,True,2-pointer,0,97-96,'NOH',leads
971,971,971,200902080OKC,7.2,14.9,1st quarter,11:23.0,Spencer Hawes,SAC,True,2-pointer,20,2-0,'SAC',leads
972,972,972,200902080OKC,19.4,8.1,1st quarter,10:42.0,John Salmons,SAC,True,2-pointer,6,4-2,'SAC',leads
973,973,973,200902080OKC,34.2,6.1,1st quarter,9:59.0,Spencer Hawes,SAC,False,2-pointer,10,4-4,'SAC',tied
974,974,974,200902080OKC,24.0,5.0,1st quarter,9:23.0,Jason Thompson,SAC,True,2-pointer,0,6-6,'SAC',tied
975,975,975,200902080OKC,37.2,10.0,1st quarter,8:58.0,Beno Udrih,SAC,True,2-pointer,14,8-8,'SAC',tied
976,976,976,200902080OKC,22.1,31.3,1st quarter,8:19.0,Kevin Martin,SAC,True,3-pointer,26,11-8,'SAC',leads
977,977,977,200902080OKC,40.2,9.7,1st quarter,7:47.0,Kevin Martin,SAC,False,2-pointer,17,11-10,'SAC',leads
978,978,978,200902080OKC,34.3,12.4,1st quarter,7:22.0,John Salmons,SAC,False,2-pointer,13,11-12,'SAC',trails
979,979,979,200902080OKC,32.6,6.7,1st quarter,6:18.0,Kevin Martin,SAC,True,2-pointer,9,13-16,'SAC',trails
980,980,980,200902080OKC,24.0,5.0,1st quarter,5:52.0,John Salmons,SAC,True,2-pointer,0,16-16,'SAC',tied
981,981,981,200902080OKC,9.9,16.2,1st quarter,5:08.0,Kevin Martin,SAC,False,2-pointer,18,16-18,'SAC',trails
982,982,982,200902080OKC,24.0,5.0,1st quarter,4:44.0,Beno Udrih,SAC,False,2-pointer,0,16-18,'SAC',trails
983,983,983,200902080OKC,28.3,8.6,1st quarter,4:10.0,Jason Thompson,SAC,False,2-pointer,6,16-20,'SAC',trails
984,984,984,200902080OKC,6.5,20.9,1st quarter,3:40.0,John Salmons,SAC,False,2-pointer,24,16-22,'SAC',trails
985,985,985,200902080OKC,24.0,5.0,1st quarter,3:38.0,Jason Thompson,SAC,False,2-pointer,0,16-22,'SAC',trails
986,986,986,200902080OKC,42.2,22.0,1st quarter,3:05.0,Beno Udrih,SAC,True,3-pointer,25,19-24,'SAC',trails
987,987,987,200902080OKC,24.0,5.0,1st quarter,2:13.0,John Salmons,SAC,True,2-pointer,0,21-29,'SAC',trails
988,988,988,200902080OKC,19.9,17.3,1st quarter,1:26.0,Shelden Williams,SAC,False,2-pointer,13,21-32,'SAC',trails
989,989,989,200902080OKC,42.7,21.2,1st quarter,1:07.0,John Salmons,SAC,False,3-pointer,25,21-32,'SAC',trails
990,990,990,200902080OKC,32.9,7.2,1st quarter,0:47.9,John Salmons,SAC,False,2-pointer,9,21-34,'SAC',trails
991,991,991,200902080OKC,24.0,5.0,1st quarter,0:39.7,Shelden Williams,SAC,True,2-pointer,0,23-34,'SAC',trails
992,992,992,200902080OKC,24.0,5.0,2nd quarter,11:41.0,Kevin Martin,SAC,False,2-pointer,0,23-34,'SAC',trails
993,993,993,200902080OKC,28.3,29.1,2nd quarter,11:01.0,Bobby Brown,SAC,False,3-pointer,24,23-36,'SAC',trails
994,994,994,200902080OKC,24.4,11.7,2nd quarter,9:19.0,Francisco García,SAC,False,2-pointer,7,23-40,'SAC',trails
995,995,995,200902080OKC,24.0,5.0,2nd quarter,9:15.0,Kevin Martin,SAC,False,2-pointer,0,23-40,'SAC',trails
996,996,996,200902080OKC,40.0,24.2,2nd quarter,9:09.0,Francisco García,SAC,True,3-pointer,25,26-40,'SAC',trails
997,997,997,200902080OKC,24.0,5.0,2nd quarter,8:10.0,Kevin Martin,SAC,False,2-pointer,0,26-44,'SAC',trails
998,998,998,200902080OKC,6.6,22.2,2nd quarter,7:42.0,Francisco García,SAC,True,3-pointer,24,29-44,'SAC',trails
999,999,999,200902080OKC,16.5,6.5,2nd quarter,6:57.0,Francisco García,SAC,False,2-pointer,8,29-44,'SAC',trails
1000,1000,1000,200902080OKC,38.3,6.2,2nd quarter,6:11.0,Francisco García,SAC,True,2-pointer,14,31-46,'SAC',trails
1001,1001,1001,200902080OKC,35.0,26.6,2nd quarter,4:50.0,John Salmons,SAC,False,3-pointer,24,32-49,'SAC',trails
1002,1002,1002,200902080OKC,42.9,16.9,2nd quarter,4:18.0,Kevin Martin,SAC,True,2-pointer,22,34-51,'SAC',trails
1003,1003,1003,200902080OKC,24.0,5.0,2nd quarter,4:01.0,Kevin Martin,SAC,True,2-pointer,0,36-51,'SAC',trails
1004,1004,1004,200902080OKC,24.0,5.0,2nd quarter,2:47.0,Kevin Martin,SAC,False,2-pointer,0,38-53,'SAC',trails
1005,1005,1005,200902080OKC,36.7,11.0,2nd quarter,2:14.0,Spencer Hawes,SAC,False,2-pointer,14,38-55,'SAC',trails
1006,1006,1006,200902080OKC,30.4,22.5,2nd quarter,1:10.0,Beno Udrih,SAC,True,2-pointer,19,42-57,'SAC',trails
1007,1007,1007,200902080OKC,34.6,5.1,2nd quarter,0:00.0,Francisco García,SAC,True,2-pointer,11,46-59,'SAC',trails
1008,1008,1008,200902080OKC,24.0,5.0,3rd quarter,11:46.0,Spencer Hawes,SAC,True,2-pointer,0,48-59,'SAC',trails
1009,1009,1009,200902080OKC,24.1,6.2,3rd quarter,11:26.0,Jason Thompson,SAC,True,2-pointer,1,50-59,'SAC',trails
1010,1010,1010,200902080OKC,24.0,5.0,3rd quarter,10:53.0,Kevin Martin,SAC,False,2-pointer,0,50-59,'SAC',trails
1011,1011,1011,200902080OKC,6.5,8.7,3rd quarter,10:30.0,John Salmons,SAC,False,2-pointer,18,50-62,'SAC',trails
1012,1012,1012,200902080OKC,25.5,10.0,3rd quarter,10:04.0,Jason Thompson,SAC,False,2-pointer,5,50-62,'SAC',trails
1013,1013,1013,200902080OKC,7.2,7.8,3rd quarter,9:49.0,Beno Udrih,SAC,True,2-pointer,17,52-62,'SAC',trails
1014,1014,1014,200902080OKC,42.7,5.3,3rd quarter,9:11.0,Beno Udrih,SAC,True,2-pointer,19,54-62,'SAC',trails
1015,1015,1015,200902080OKC,15.1,15.7,3rd quarter,8:36.0,Kevin Martin,SAC,False,2-pointer,14,54-64,'SAC',trails
1016,1016,1016,200902080OKC,28.0,6.7,3rd quarter,7:29.0,John Salmons,SAC,True,2-pointer,4,58-66,'SAC',trails
1017,1017,1017,200902080OKC,24.0,5.0,3rd quarter,6:48.0,Beno Udrih,SAC,True,2-pointer,0,60-68,'SAC',trails
1018,1018,1018,200902080OKC,23.8,8.9,3rd quarter,6:19.0,Spencer Hawes,SAC,True,2-pointer,4,62-68,'SAC',trails
1019,1019,1019,200902080OKC,24.0,5.0,3rd quarter,5:55.0,John Salmons,SAC,True,2-pointer,0,64-70,'SAC',trails
1020,1020,1020,200902080OKC,46.3,5.7,3rd quarter,5:18.0,Beno Udrih,SAC,True,3-pointer,22,67-70,'SAC',trails
1021,1021,1021,200902080OKC,39.7,10.8,3rd quarter,4:42.0,John Salmons,SAC,False,2-pointer,17,67-72,'SAC',trails
1022,1022,1022,200902080OKC,12.0,7.2,3rd quarter,4:09.0,Spencer Hawes,SAC,True,2-pointer,12,69-74,'SAC',trails
1023,1023,1023,200902080OKC,15.0,19.6,3rd quarter,3:41.0,Beno Udrih,SAC,True,2-pointer,17,71-74,'SAC',trails
1024,1024,1024,200902080OKC,46.5,5.3,3rd quarter,3:04.0,Spencer Hawes,SAC,True,3-pointer,23,74-76,'SAC',trails
1025,1025,1025,200902080OKC,24.0,5.0,3rd quarter,2:16.0,Kevin Martin,SAC,True,2-pointer,0,76-78,'SAC',trails
1026,1026,1026,200902080OKC,13.2,5.4,3rd quarter,1:21.0,Jason Thompson,SAC,False,2-pointer,11,76-81,'SAC',trails
1027,1027,1027,200902080OKC,24.0,5.0,3rd quarter,0:55.9,Jason Thompson,SAC,True,2-pointer,0,78-81,'SAC',trails
1028,1028,1028,200902080OKC,13.5,9.2,3rd quarter,0:13.9,Beno Udrih,SAC,True,2-pointer,11,80-84,'SAC',trails
1029,1029,1029,200902080OKC,24.0,5.0,4th quarter,11:30.0,Mikki Moore,SAC,True,2-pointer,0,82-84,'SAC',trails
1030,1030,1030,200902080OKC,2.3,15.4,4th quarter,10:54.0,Kevin Martin,SAC,True,3-pointer,24,85-84,'SAC',leads
1031,1031,1031,200902080OKC,1.7,5.3,4th quarter,9:55.0,Kevin Martin,SAC,False,3-pointer,22,86-86,'SAC',tied
1032,1032,1032,200902080OKC,24.0,5.0,4th quarter,9:21.0,Kevin Martin,SAC,True,2-pointer,0,88-88,'SAC',tied
1033,1033,1033,200902080OKC,13.9,23.6,4th quarter,8:45.0,Beno Udrih,SAC,False,2-pointer,21,88-91,'SAC',trails
1034,1034,1034,200902080OKC,0.8,6.1,4th quarter,7:51.0,Beno Udrih,SAC,True,3-pointer,23,91-93,'SAC',trails
1035,1035,1035,200902080OKC,24.0,5.0,4th quarter,7:24.0,Mikki Moore,SAC,True,2-pointer,0,93-93,'SAC',tied
1036,1036,1036,200902080OKC,24.0,5.0,4th quarter,6:35.0,Spencer Hawes,SAC,True,2-pointer,0,95-93,'SAC',leads
1037,1037,1037,200902080OKC,24.0,5.0,4th quarter,6:02.0,John Salmons,SAC,False,2-pointer,0,95-96,'SAC',trails
1038,1038,1038,200902080OKC,24.0,5.0,4th quarter,5:58.0,Mikki Moore,SAC,False,2-pointer,0,95-96,'SAC',trails
1039,1039,1039,200902080OKC,43.0,20.3,4th quarter,5:35.0,John Salmons,SAC,True,3-pointer,24,98-96,'SAC',leads
1040,1040,1040,200902080OKC,24.0,5.0,4th quarter,4:31.0,John Salmons,SAC,False,2-pointer,0,100-100,'SAC',tied
1041,1041,1041,200902080OKC,24.0,5.0,4th quarter,4:29.0,Spencer Hawes,SAC,True,2-pointer,0,102-100,'SAC',leads
1042,1042,1042,200902080OKC,29.8,13.0,4th quarter,4:13.0,Beno Udrih,SAC,False,2-pointer,10,102-100,'SAC',leads
1043,1043,1043,200902080OKC,24.0,5.0,4th quarter,3:29.0,John Salmons,SAC,True,2-pointer,0,104-102,'SAC',leads
1044,1044,1044,200902080OKC,15.8,20.6,4th quarter,2:51.0,Francisco García,SAC,False,2-pointer,18,104-105,'SAC',trails
1045,1045,1045,200902080OKC,32.4,28.3,4th quarter,2:27.0,John Salmons,SAC,False,3-pointer,25,104-108,'SAC',trails
1046,1046,1046,200902080OKC,23.0,19.5,4th quarter,1:48.0,Spencer Hawes,SAC,False,2-pointer,15,104-110,'SAC',trails
1047,1047,1047,200902080OKC,4.4,20.1,4th quarter,1:45.0,Beno Udrih,SAC,True,3-pointer,25,107-110,'SAC',trails
1048,1048,1048,200902080OKC,41.9,22.2,4th quarter,1:13.0,John Salmons,SAC,True,3-pointer,25,110-112,'SAC',trails
1049,1049,1049,200902080OKC,46.6,6.4,4th quarter,0:36.9,John Salmons,SAC,True,3-pointer,23,113-115,'SAC',trails
1050,1050,1050,200902080OKC,38.3,25.3,4th quarter,0:03.9,Francisco García,SAC,False,3-pointer,25,113-115,'SAC',trails
1051,1051,1051,200902080OKC,1.6,5.4,1st quarter,11:37.0,Russell Westbrook,OKC,False,3-pointer,22,0-0,'SAC',tied
1052,1052,1052,200902080OKC,24.0,5.0,1st quarter,11:04.0,Kevin Durant,OKC,True,2-pointer,0,2-2,'SAC',tied
1053,1053,1053,200902080OKC,15.8,5.3,1st quarter,10:24.0,Kevin Durant,OKC,True,2-pointer,8,4-4,'SAC',tied
1054,1054,1054,200902080OKC,24.0,5.0,1st quarter,9:45.0,Kevin Durant,OKC,True,2-pointer,0,6-4,'SAC',leads
1055,1055,1055,200902080OKC,24.0,5.0,1st quarter,9:11.0,Jeff Green,OKC,True,2-pointer,0,8-6,'SAC',leads
1056,1056,1056,200902080OKC,17.5,21.4,1st quarter,8:33.0,Jeff Green,OKC,False,2-pointer,18,8-8,'SAC',tied
1057,1057,1057,200902080OKC,24.0,5.0,1st quarter,8:00.0,Kyle Weaver,OKC,True,2-pointer,0,10-11,'SAC',trails
1058,1058,1058,200902080OKC,18.0,8.0,1st quarter,7:05.0,Nick Collison,OKC,True,2-pointer,7,14-11,'SAC',leads
1059,1059,1059,200902080OKC,24.0,5.0,1st quarter,6:44.0,Kyle Weaver,OKC,True,2-pointer,0,16-11,'SAC',leads
1060,1060,1060,200902080OKC,2.8,16.5,1st quarter,6:31.0,Kyle Weaver,OKC,False,3-pointer,24,16-11,'SAC',leads
1061,1061,1061,200902080OKC,36.4,5.6,1st quarter,6:04.0,Russell Westbrook,OKC,False,2-pointer,12,16-14,'SAC',leads
1062,1062,1062,200902080OKC,18.0,12.2,1st quarter,5:26.0,Kevin Durant,OKC,True,2-pointer,9,18-16,'SAC',leads
1063,1063,1063,200902080OKC,24.0,5.0,1st quarter,4:39.0,Jeff Green,OKC,True,2-pointer,0,20-16,'SAC',leads
1064,1064,1064,200902080OKC,25.7,12.4,1st quarter,4:04.0,Earl Watson,OKC,True,2-pointer,8,22-16,'SAC',leads
1065,1065,1065,200902080OKC,46.2,6.7,1st quarter,3:22.0,Jeff Green,OKC,False,3-pointer,22,22-16,'SAC',leads
1066,1066,1066,200902080OKC,26.6,6.9,1st quarter,3:20.0,Nick Collison,OKC,True,2-pointer,3,24-16,'SAC',leads
1067,1067,1067,200902080OKC,24.0,5.0,1st quarter,2:55.0,Russell Westbrook,OKC,False,2-pointer,0,24-19,'SAC',leads
1068,1068,1068,200902080OKC,24.0,5.0,1st quarter,2:46.0,Jeff Green,OKC,True,2-pointer,0,26-19,'SAC',leads
1069,1069,1069,200902080OKC,24.0,5.0,1st quarter,2:23.0,Kevin Durant,OKC,True,2-pointer,0,29-19,'SAC',leads
1070,1070,1070,200902080OKC,24.0,5.0,1st quarter,1:39.0,Nenad Krstić,OKC,True,2-pointer,0,31-21,'SAC',leads
1071,1071,1071,200902080OKC,12.6,27.0,1st quarter,1:15.0,Russell Westbrook,OKC,False,3-pointer,25,32-21,'SAC',leads
1072,1072,1072,200902080OKC,29.6,22.0,1st quarter,0:59.0,Earl Watson,OKC,True,2-pointer,18,34-21,'SAC',leads
1073,1073,1073,200902080OKC,39.1,11.6,1st quarter,0:28.9,Nenad Krstić,OKC,False,2-pointer,16,34-23,'SAC',leads
1074,1074,1074,200902080OKC,7.6,24.5,1st quarter,0:00.0,Russell Westbrook,OKC,False,3-pointer,25,34-23,'SAC',leads
1075,1075,1075,200902080OKC,24.0,5.0,2nd quarter,11:19.0,Nenad Krstić,OKC,True,2-pointer,0,36-23,'SAC',leads
1076,1076,1076,200902080OKC,24.0,5.0,2nd quarter,10:38.0,Kyle Weaver,OKC,True,2-pointer,0,38-23,'SAC',leads
1077,1077,1077,200902080OKC,11.2,6.2,2nd quarter,10:03.0,Nenad Krstić,OKC,False,2-pointer,13,38-23,'SAC',leads
1078,1078,1078,200902080OKC,24.0,5.0,2nd quarter,10:01.0,Kyle Weaver,OKC,False,2-pointer,0,38-23,'SAC',leads
1079,1079,1079,200902080OKC,24.0,5.0,2nd quarter,8:57.0,Earl Watson,OKC,True,2-pointer,0,42-26,'SAC',leads
1080,1080,1080,200902080OKC,39.7,9.8,2nd quarter,8:25.0,Joe Smith,OKC,True,2-pointer,16,44-26,'SAC',leads
1081,1081,1081,200902080OKC,36.4,6.2,2nd quarter,7:52.0,Jeff Green,OKC,False,2-pointer,12,44-26,'SAC',leads
1082,1082,1082,200902080OKC,8.3,5.3,2nd quarter,6:33.0,Nenad Krstić,OKC,True,2-pointer,16,46-29,'SAC',leads
1083,1083,1083,200902080OKC,28.8,7.0,2nd quarter,5:58.0,Earl Watson,OKC,False,2-pointer,5,46-31,'SAC',leads
1084,1084,1084,200902080OKC,3.5,12.4,2nd quarter,5:15.0,Russell Westbrook,OKC,False,2-pointer,22,46-32,'SAC',leads
1085,1085,1085,200902080OKC,24.0,5.0,2nd quarter,5:07.0,Kyle Weaver,OKC,True,2-pointer,0,48-32,'SAC',leads
1086,1086,1086,200902080OKC,24.0,5.0,2nd quarter,4:26.0,Russell Westbrook,OKC,False,2-pointer,0,51-32,'SAC',leads
1087,1087,1087,200902080OKC,39.1,8.1,2nd quarter,2:33.0,Kevin Durant,OKC,True,2-pointer,15,55-38,'SAC',leads
1088,1088,1088,200902080OKC,31.0,7.6,2nd quarter,2:07.0,Kevin Durant,OKC,True,2-pointer,7,57-38,'SAC',leads
1089,1089,1089,200902080OKC,37.5,13.6,2nd quarter,1:25.0,Nenad Krstić,OKC,False,2-pointer,16,57-40,'SAC',leads
1090,1090,1090,200902080OKC,24.0,5.0,2nd quarter,0:34.8,Russell Westbrook,OKC,True,2-pointer,0,59-44,'SAC',leads
1091,1091,1091,200902080OKC,24.0,5.0,2nd quarter,0:09.8,Kevin Durant,OKC,False,2-pointer,0,59-44,'SAC',leads
1092,1092,1092,200902080OKC,25.1,7.9,3rd quarter,11:28.0,Russell Westbrook,OKC,False,2-pointer,3,59-48,'SAC',leads
1093,1093,1093,200902080OKC,7.7,7.2,3rd quarter,11:09.0,Jeff Green,OKC,False,2-pointer,16,59-50,'SAC',leads
1094,1094,1094,200902080OKC,24.0,5.0,3rd quarter,10:48.0,Jeff Green,OKC,True,2-pointer,0,61-50,'SAC',leads
1095,1095,1095,200902080OKC,18.4,8.1,3rd quarter,10:19.0,Russell Westbrook,OKC,False,2-pointer,6,62-50,'SAC',leads
1096,1096,1096,200902080OKC,24.0,5.0,3rd quarter,9:58.0,Kyle Weaver,OKC,False,2-pointer,0,62-50,'SAC',leads
1097,1097,1097,200902080OKC,35.9,25.6,3rd quarter,9:29.0,Jeff Green,OKC,False,3-pointer,24,62-52,'SAC',leads
1098,1098,1098,200902080OKC,23.8,23.4,3rd quarter,8:24.0,Kevin Durant,OKC,False,2-pointer,18,64-54,'SAC',leads
1099,1099,1099,200902080OKC,15.8,5.6,3rd quarter,7:57.0,Kevin Durant,OKC,False,2-pointer,8,64-56,'SAC',leads
1100,1100,1100,200902080OKC,24.0,5.0,3rd quarter,7:43.0,Nick Collison,OKC,True,2-pointer,0,66-56,'SAC',leads
1101,1101,1101,200902080OKC,24.0,5.0,3rd quarter,7:09.0,Nick Collison,OKC,True,2-pointer,0,68-58,'SAC',leads
1102,1102,1102,200902080OKC,37.2,16.3,3rd quarter,6:33.0,Jeff Green,OKC,False,2-pointer,17,68-60,'SAC',leads
1103,1103,1103,200902080OKC,25.2,21.8,3rd quarter,6:06.0,Kevin Durant,OKC,True,2-pointer,17,70-62,'SAC',leads
1104,1104,1104,200902080OKC,24.0,5.0,3rd quarter,5:36.0,Russell Westbrook,OKC,False,2-pointer,0,70-64,'SAC',leads
1105,1105,1105,200902080OKC,10.4,5.7,3rd quarter,5:04.0,Kevin Durant,OKC,True,2-pointer,14,72-67,'SAC',leads
1106,1106,1106,200902080OKC,15.6,5.0,3rd quarter,4:25.0,Kevin Durant,OKC,True,2-pointer,8,74-67,'SAC',leads
1107,1107,1107,200902080OKC,34.5,8.9,3rd quarter,3:53.0,Jeff Green,OKC,False,2-pointer,11,74-69,'SAC',leads
1108,1108,1108,200902080OKC,24.0,5.0,3rd quarter,3:25.0,Kevin Durant,OKC,False,2-pointer,0,74-71,'SAC',leads
1109,1109,1109,200902080OKC,24.0,5.0,3rd quarter,3:24.0,Nenad Krstić,OKC,True,2-pointer,0,76-71,'SAC',leads
1110,1110,1110,200902080OKC,14.8,20.3,3rd quarter,2:36.0,Kevin Durant,OKC,True,2-pointer,18,78-74,'SAC',leads
1111,1111,1111,200902080OKC,41.6,21.2,3rd quarter,1:50.0,Kevin Durant,OKC,True,3-pointer,24,81-76,'SAC',leads
1112,1112,1112,200902080OKC,37.0,16.0,3rd quarter,0:59.9,Joe Smith,OKC,False,2-pointer,17,81-76,'SAC',leads
1113,1113,1113,200902080OKC,36.9,25.5,3rd quarter,0:34.6,Kevin Durant,OKC,True,3-pointer,24,84-78,'SAC',leads
1114,1114,1114,200902080OKC,14.3,29.4,3rd quarter,0:00.5,Kevin Durant,OKC,False,3-pointer,26,84-80,'SAC',leads
1115,1115,1115,200902080OKC,24.4,22.5,4th quarter,11:06.0,Nenad Krstić,OKC,False,2-pointer,18,84-82,'SAC',leads
1116,1116,1116,200902080OKC,40.8,11.7,4th quarter,10:30.0,Joe Smith,OKC,False,2-pointer,18,84-85,'SAC',trails
1117,1117,1117,200902080OKC,12.6,6.5,4th quarter,10:08.0,Kevin Durant,OKC,True,2-pointer,12,86-86,'SAC',tied
1118,1118,1118,200902080OKC,15.3,14.6,4th quarter,9:34.0,Nenad Krstić,OKC,True,2-pointer,13,88-86,'SAC',leads
1119,1119,1119,200902080OKC,20.2,9.7,4th quarter,9:03.0,Nenad Krstić,OKC,True,2-pointer,6,90-88,'SAC',leads
1120,1120,1120,200902080OKC,34.8,25.8,4th quarter,8:21.0,Earl Watson,OKC,False,2-pointer,23,91-88,'SAC',leads
1121,1121,1121,200902080OKC,20.3,20.6,4th quarter,7:33.0,Kevin Durant,OKC,False,2-pointer,16,93-91,'SAC',leads
1122,1122,1122,200902080OKC,11.3,14.9,4th quarter,7:06.0,Earl Watson,OKC,False,2-pointer,16,93-93,'SAC',tied
1123,1123,1123,200902080OKC,38.9,10.6,4th quarter,6:55.0,Kevin Durant,OKC,False,2-pointer,16,93-93,'SAC',tied
1124,1124,1124,200902080OKC,45.4,18.7,4th quarter,6:23.0,Kevin Durant,OKC,True,3-pointer,25,96-95,'SAC',leads
1125,1125,1125,200902080OKC,39.5,12.8,4th quarter,5:19.0,Joe Smith,OKC,False,2-pointer,17,96-98,'SAC',trails
1126,1126,1126,200902080OKC,24.0,5.0,4th quarter,5:09.0,Jeff Green,OKC,True,2-pointer,0,98-98,'SAC',tied
1127,1127,1127,200902080OKC,24.0,5.0,4th quarter,4:51.0,Kevin Durant,OKC,False,2-pointer,0,98-100,'SAC',trails
1128,1128,1128,200902080OKC,24.0,5.0,4th quarter,3:53.0,Russell Westbrook,OKC,False,2-pointer,0,100-102,'SAC',trails
1129,1129,1129,200902080OKC,24.0,5.0,4th quarter,3:52.0,Russell Westbrook,OKC,True,2-pointer,0,102-102,'SAC',tied
1130,1130,1130,200902080OKC,2.0,5.9,4th quarter,3:08.0,Earl Watson,OKC,True,3-pointer,22,105-104,'SAC',leads
1131,1131,1131,200902080OKC,24.0,5.0,4th quarter,2:39.0,Nick Collison,OKC,True,2-pointer,0,107-104,'SAC',leads
1132,1132,1132,200902080OKC,29.4,21.4,4th quarter,2:11.0,Kevin Durant,OKC,True,2-pointer,17,110-104,'SAC',leads
1133,1133,1133,200902080OKC,11.7,10.3,4th quarter,1:28.0,Jeff Green,OKC,True,2-pointer,13,112-107,'SAC',leads
1134,1134,1134,200902080OKC,33.2,8.3,4th quarter,0:53.7,Russell Westbrook,OKC,True,2-pointer,10,114-110,'SAC',leads
1135,1135,1135,200902080OKC,20.3,22.2,4th quarter,0:14.9,Kevin Durant,OKC,False,2-pointer,18,115-113,'SAC',leads
1136,1136,1136,200902080ORL,27.2,22.9,1st quarter,11:22.0,Devin Harris,NJN,False,2-pointer,18,0-0,'NJN',tied
1137,1137,1137,200902080ORL,25.2,24.4,1st quarter,10:57.0,Brook Lopez,NJN,False,2-pointer,19,0-2,'NJN',trails
1138,1138,1138,200902080ORL,34.2,11.6,1st quarter,10:17.0,Devin Harris,NJN,False,2-pointer,12,0-4,'NJN',trails
1139,1139,1139,200902080ORL,33.2,18.8,1st quarter,10:10.0,Jarvis Hayes,NJN,False,2-pointer,17,0-4,'NJN',trails
1140,1140,1140,200902080ORL,24.0,12.5,1st quarter,9:41.0,Brook Lopez,NJN,True,2-pointer,8,2-5,'NJN',trails
1141,1141,1141,200902080ORL,24.0,5.0,1st quarter,9:26.0,Devin Harris,NJN,False,2-pointer,0,2-7,'NJN',trails
1142,1142,1142,200902080ORL,24.0,5.0,1st quarter,9:23.0,Brook Lopez,NJN,True,2-pointer,0,4-7,'NJN',trails
1143,1143,1143,200902080ORL,6.5,2.3,1st quarter,8:57.0,Trenton Hassell,NJN,True,2-pointer,18,6-7,'NJN',trails
1144,1144,1144,200902080ORL,22.2,18.4,1st quarter,8:30.0,Devin Harris,NJN,True,2-pointer,14,8-7,'NJN',leads
1145,1145,1145,200902080ORL,6.0,11.0,1st quarter,7:54.0,Jarvis Hayes,NJN,False,2-pointer,19,8-9,'NJN',trails
1146,1146,1146,200902080ORL,24.0,5.0,1st quarter,7:31.0,Devin Harris,NJN,False,2-pointer,0,8-11,'NJN',trails
1147,1147,1147,200902080ORL,26.3,9.8,1st quarter,7:28.0,Brook Lopez,NJN,False,2-pointer,5,8-11,'NJN',trails
1148,1148,1148,200902080ORL,34.2,20.4,1st quarter,6:59.0,Brook Lopez,NJN,False,2-pointer,18,8-12,'NJN',trails
1149,1149,1149,200902080ORL,15.8,16.6,1st quarter,6:14.0,Keyon Dooling,NJN,False,2-pointer,14,8-14,'NJN',trails
1150,1150,1150,200902080ORL,10.1,8.3,1st quarter,5:44.0,Trenton Hassell,NJN,True,2-pointer,14,10-18,'NJN',trails
1151,1151,1151,200902080ORL,31.5,5.4,1st quarter,5:00.0,Jarvis Hayes,NJN,True,2-pointer,8,12-18,'NJN',trails
1152,1152,1152,200902080ORL,21.6,30.5,1st quarter,4:28.0,Keyon Dooling,NJN,False,3-pointer,26,12-20,'NJN',trails
1153,1153,1153,200902080ORL,24.0,15.2,1st quarter,3:40.0,Devin Harris,NJN,True,2-pointer,10,14-22,'NJN',trails
1154,1154,1154,200902080ORL,24.0,5.0,1st quarter,2:43.0,Keyon Dooling,NJN,False,2-pointer,0,14-25,'NJN',trails
1155,1155,1155,200902080ORL,33.4,23.1,1st quarter,2:15.0,Trenton Hassell,NJN,True,2-pointer,20,16-25,'NJN',trails
1156,1156,1156,200902080ORL,17.2,5.3,1st quarter,1:38.0,Josh Boone,NJN,False,2-pointer,7,16-28,'NJN',trails
1157,1157,1157,200902080ORL,1.9,10.8,1st quarter,0:17.8,Ryan Anderson,NJN,False,3-pointer,23,18-30,'NJN',trails
1158,1158,1158,200902080ORL,37.6,13.0,2nd quarter,11:47.0,Chris Douglas-Roberts,NJN,True,2-pointer,16,20-32,'NJN',trails
1159,1159,1159,200902080ORL,34.0,23.9,2nd quarter,11:02.0,Keyon Dooling,NJN,False,2-pointer,21,20-34,'NJN',trails
1160,1160,1160,200902080ORL,38.9,15.2,2nd quarter,10:26.0,Trenton Hassell,NJN,False,2-pointer,18,20-36,'NJN',trails
1161,1161,1161,200902080ORL,24.0,5.0,2nd quarter,10:04.0,Trenton Hassell,NJN,False,2-pointer,0,20-36,'NJN',trails
1162,1162,1162,200902080ORL,24.0,5.0,2nd quarter,10:04.0,Josh Boone,NJN,True,2-pointer,0,22-36,'NJN',trails
1163,1163,1163,200902080ORL,23.5,8.0,2nd quarter,8:41.0,Brook Lopez,NJN,True,2-pointer,3,25-38,'NJN',trails
1164,1164,1164,200902080ORL,35.1,3.6,2nd quarter,8:18.0,Devin Harris,NJN,True,2-pointer,11,27-39,'NJN',trails
1165,1165,1165,200902080ORL,35.1,11.1,2nd quarter,7:53.0,Devin Harris,NJN,False,2-pointer,13,28-41,'NJN',trails
1166,1166,1166,200902080ORL,24.0,5.0,2nd quarter,7:16.0,Devin Harris,NJN,True,2-pointer,0,30-43,'NJN',trails
1167,1167,1167,200902080ORL,36.7,14.6,2nd quarter,6:44.0,Jarvis Hayes,NJN,False,2-pointer,16,30-45,'NJN',trails
1168,1168,1168,200902080ORL,24.0,5.0,2nd quarter,6:42.0,Sean Williams,NJN,False,2-pointer,0,30-45,'NJN',trails
1169,1169,1169,200902080ORL,24.0,5.0,2nd quarter,6:08.0,Chris Douglas-Roberts,NJN,True,2-pointer,0,32-47,'NJN',trails
1170,1170,1170,200902080ORL,12.6,14.4,2nd quarter,5:29.0,Sean Williams,NJN,False,2-pointer,15,32-47,'NJN',trails
1171,1171,1171,200902080ORL,24.0,5.0,2nd quarter,4:56.0,Sean Williams,NJN,True,2-pointer,0,35-47,'NJN',trails
1172,1172,1172,200902080ORL,15.6,14.6,2nd quarter,4:25.0,Jarvis Hayes,NJN,False,2-pointer,13,35-49,'NJN',trails
1173,1173,1173,200902080ORL,13.1,5.1,2nd quarter,3:52.0,Keyon Dooling,NJN,False,2-pointer,11,35-51,'NJN',trails
1174,1174,1174,200902080ORL,31.2,11.1,2nd quarter,3:10.0,Devin Harris,NJN,False,2-pointer,9,35-52,'NJN',trails
1175,1175,1175,200902080ORL,28.5,12.7,2nd quarter,2:29.0,Devin Harris,NJN,True,2-pointer,9,37-54,'NJN',trails
1176,1176,1176,200902080ORL,20.6,29.4,2nd quarter,1:31.0,Devin Harris,NJN,True,3-pointer,25,40-54,'NJN',trails
1177,1177,1177,200902080ORL,24.0,5.0,2nd quarter,0:52.5,Josh Boone,NJN,True,2-pointer,0,42-55,'NJN',trails
1178,1178,1178,200902080ORL,30.7,28.9,2nd quarter,0:21.1,Devin Harris,NJN,True,3-pointer,25,45-57,'NJN',trails
1179,1179,1179,200902080ORL,23.6,18.1,3rd quarter,11:41.0,Jarvis Hayes,NJN,True,2-pointer,13,47-59,'NJN',trails
1180,1180,1180,200902080ORL,34.6,5.0,3rd quarter,10:18.0,Jarvis Hayes,NJN,False,2-pointer,11,47-61,'NJN',trails
1181,1181,1181,200902080ORL,8.2,24.7,3rd quarter,9:49.0,Devin Harris,NJN,True,3-pointer,25,50-61,'NJN',trails
1182,1182,1182,200902080ORL,37.5,18.2,3rd quarter,8:30.0,Devin Harris,NJN,False,2-pointer,19,51-61,'NJN',trails
1183,1183,1183,200902080ORL,38.1,14.3,3rd quarter,7:55.0,Brook Lopez,NJN,True,2-pointer,17,53-63,'NJN',trails
1184,1184,1184,200902080ORL,9.4,20.3,3rd quarter,7:07.0,Devin Harris,NJN,False,2-pointer,21,53-65,'NJN',trails
1185,1185,1185,200902080ORL,24.0,5.0,3rd quarter,7:04.0,Brook Lopez,NJN,True,2-pointer,0,55-65,'NJN',trails
1186,1186,1186,200902080ORL,9.3,5.3,3rd quarter,6:38.0,Jarvis Hayes,NJN,True,2-pointer,15,57-67,'NJN',trails
1187,1187,1187,200902080ORL,24.0,5.0,3rd quarter,6:15.0,Brook Lopez,NJN,True,2-pointer,0,59-69,'NJN',trails
1188,1188,1188,200902080ORL,7.7,4.5,3rd quarter,5:25.0,Trenton Hassell,NJN,False,2-pointer,16,59-69,'NJN',trails
1189,1189,1189,200902080ORL,9.8,25.5,3rd quarter,5:09.0,Devin Harris,NJN,False,3-pointer,25,59-71,'NJN',trails
1190,1190,1190,200902080ORL,7.2,25.3,3rd quarter,4:45.0,Keyon Dooling,NJN,False,3-pointer,26,59-74,'NJN',trails
1191,1191,1191,200902080ORL,35.4,5.7,3rd quarter,3:59.0,Brook Lopez,NJN,True,2-pointer,11,61-74,'NJN',trails
1192,1192,1192,200902080ORL,24.0,5.0,3rd quarter,3:24.0,Devin Harris,NJN,True,2-pointer,0,63-74,'NJN',trails
1193,1193,1193,200902080ORL,24.0,5.0,3rd quarter,2:32.0,Devin Harris,NJN,False,2-pointer,0,64-74,'NJN',trails
1194,1194,1194,200902080ORL,33.7,19.0,3rd quarter,1:21.0,Chris Douglas-Roberts,NJN,False,2-pointer,17,65-77,'NJN',trails
1195,1195,1195,200902080ORL,24.0,5.0,3rd quarter,0:54.8,Chris Douglas-Roberts,NJN,False,2-pointer,0,65-77,'NJN',trails
1196,1196,1196,200902080ORL,24.0,5.0,3rd quarter,0:51.9,Sean Williams,NJN,False,2-pointer,0,65-77,'NJN',trails
1197,1197,1197,200902080ORL,40.6,6.4,3rd quarter,0:34.9,Jarvis Hayes,NJN,False,2-pointer,17,65-77,'NJN',trails
1198,1198,1198,200902080ORL,36.1,11.0,3rd quarter,0:01.9,Chris Douglas-Roberts,NJN,False,2-pointer,14,65-79,'NJN',trails
1199,1199,1199,200902080ORL,6.3,5.0,4th quarter,11:06.0,Trenton Hassell,NJN,True,2-pointer,18,67-81,'NJN',trails
1200,1200,1200,200902080ORL,24.0,5.0,4th quarter,10:32.0,Brook Lopez,NJN,True,2-pointer,0,69-81,'NJN',trails
1201,1201,1201,200902080ORL,24.0,5.0,4th quarter,10:01.0,Devin Harris,NJN,False,2-pointer,0,69-81,'NJN',trails
1202,1202,1202,200902080ORL,5.2,11.7,4th quarter,9:53.0,Devin Harris,NJN,False,2-pointer,20,69-81,'NJN',trails
1203,1203,1203,200902080ORL,37.8,14.6,4th quarter,8:53.0,Keyon Dooling,NJN,False,2-pointer,17,69-81,'NJN',trails
1204,1204,1204,200902080ORL,26.0,24.0,4th quarter,8:18.0,Jarvis Hayes,NJN,True,2-pointer,19,71-81,'NJN',trails
1205,1205,1205,200902080ORL,15.4,18.1,4th quarter,7:31.0,Jarvis Hayes,NJN,False,2-pointer,16,71-81,'NJN',trails
1206,1206,1206,200902080ORL,24.0,5.0,4th quarter,7:27.0,Brook Lopez,NJN,False,2-pointer,0,71-81,'NJN',trails
1207,1207,1207,200902080ORL,32.6,3.9,4th quarter,6:59.0,Brook Lopez,NJN,False,2-pointer,9,71-83,'NJN',trails
1208,1208,1208,200902080ORL,5.0,2.6,4th quarter,6:34.0,Jarvis Hayes,NJN,True,2-pointer,19,73-85,'NJN',trails
1209,1209,1209,200902080ORL,25.2,32.6,4th quarter,6:02.0,Ryan Anderson,NJN,True,3-pointer,28,76-88,'NJN',trails
1210,1210,1210,200902080ORL,47.3,5.0,4th quarter,5:31.0,Jarvis Hayes,NJN,False,3-pointer,23,76-88,'NJN',trails
1211,1211,1211,200902080ORL,43.2,22.0,4th quarter,5:00.0,Jarvis Hayes,NJN,True,3-pointer,26,79-88,'NJN',trails
1212,1212,1212,200902080ORL,21.6,18.7,4th quarter,4:18.0,Ryan Anderson,NJN,False,2-pointer,14,79-89,'NJN',trails
1213,1213,1213,200902080ORL,24.0,5.0,4th quarter,4:15.0,Brook Lopez,NJN,False,2-pointer,0,79-89,'NJN',trails
1214,1214,1214,200902080ORL,26.0,24.8,4th quarter,3:00.0,Devin Harris,NJN,False,2-pointer,20,82-92,'NJN',trails
1215,1215,1215,200902080ORL,8.0,26.6,4th quarter,2:36.0,Ryan Anderson,NJN,False,3-pointer,27,82-94,'NJN',trails
1216,1216,1216,200902080ORL,10.3,28.1,4th quarter,2:33.0,Ryan Anderson,NJN,False,3-pointer,27,82-94,'NJN',trails
1217,1217,1217,200902080ORL,36.4,7.2,4th quarter,2:07.0,Devin Harris,NJN,False,2-pointer,13,82-97,'NJN',trails
1218,1218,1218,200902080ORL,31.8,9.8,4th quarter,2:04.0,Brook Lopez,NJN,True,2-pointer,9,84-97,'NJN',trails
1219,1219,1219,200902080ORL,33.4,17.7,4th quarter,1:12.0,Devin Harris,NJN,False,2-pointer,16,84-99,'NJN',trails
1220,1220,1220,200902080ORL,43.3,20.4,4th quarter,0:23.9,Jarvis Hayes,NJN,False,3-pointer,25,84-101,'NJN',trails
1221,1221,1221,200902080ORL,8.8,6.4,1st quarter,11:40.0,Rashard Lewis,ORL,False,2-pointer,15,0-0,'NJN',tied
1222,1222,1222,200902080ORL,24.0,5.0,1st quarter,11:12.0,Dwight Howard,ORL,True,2-pointer,0,2-0,'NJN',leads
1223,1223,1223,200902080ORL,11.2,16.2,1st quarter,10:37.0,Mickaël Piétrus,ORL,True,2-pointer,17,4-0,'NJN',leads
1224,1224,1224,200902080ORL,24.0,5.0,1st quarter,9:32.0,Anthony Johnson,ORL,True,2-pointer,0,7-2,'NJN',leads
1225,1225,1225,200902080ORL,37.8,11.7,1st quarter,9:11.0,Mickaël Piétrus,ORL,False,2-pointer,15,7-4,'NJN',leads
1226,1226,1226,200902080ORL,0.9,2.6,1st quarter,8:40.0,Anthony Johnson,ORL,False,3-pointer,23,7-6,'NJN',leads
1227,1227,1227,200902080ORL,24.0,5.0,1st quarter,7:43.0,Hedo Türkoğlu,ORL,True,2-pointer,0,11-8,'NJN',leads
1228,1228,1228,200902080ORL,24.0,5.0,1st quarter,6:38.0,Hedo Türkoğlu,ORL,False,2-pointer,0,12-8,'NJN',leads
1229,1229,1229,200902080ORL,24.0,5.0,1st quarter,6:36.0,Dwight Howard,ORL,True,2-pointer,0,14-8,'NJN',leads
1230,1230,1230,200902080ORL,40.2,24.4,1st quarter,6:08.0,Rashard Lewis,ORL,True,3-pointer,25,17-8,'NJN',leads
1231,1231,1231,200902080ORL,1.6,4.8,1st quarter,5:18.0,Courtney Lee,ORL,False,3-pointer,22,18-10,'NJN',leads
1232,1232,1232,200902080ORL,24.0,5.0,1st quarter,4:48.0,Courtney Lee,ORL,True,2-pointer,0,20-12,'NJN',leads
1233,1233,1233,200902080ORL,30.5,8.0,1st quarter,4:08.0,Dwight Howard,ORL,True,2-pointer,7,22-12,'NJN',leads
1234,1234,1234,200902080ORL,4.6,19.2,1st quarter,3:02.0,Mickaël Piétrus,ORL,True,3-pointer,24,25-14,'NJN',leads
1235,1235,1235,200902080ORL,23.8,30.4,1st quarter,2:01.0,Rashard Lewis,ORL,True,3-pointer,25,28-16,'NJN',leads
1236,1236,1236,200902080ORL,5.7,3.3,1st quarter,1:19.0,Rashard Lewis,ORL,False,2-pointer,18,28-16,'NJN',leads
1237,1237,1237,200902080ORL,16.1,7.0,1st quarter,0:48.3,Marcin Gortat,ORL,True,2-pointer,8,30-18,'NJN',leads
1238,1238,1238,200902080ORL,7.6,18.7,1st quarter,0:02.2,Hedo Türkoğlu,ORL,True,2-pointer,21,32-18,'NJN',leads
1239,1239,1239,200902080ORL,11.2,22.3,2nd quarter,11:22.0,J.J. Redick,ORL,True,2-pointer,22,34-20,'NJN',leads
1240,1240,1240,200902080ORL,19.9,24.8,2nd quarter,10:50.0,Tony Battie,ORL,True,2-pointer,20,36-20,'NJN',leads
1241,1241,1241,200902080ORL,11.5,3.1,2nd quarter,8:05.0,Hedo Türkoğlu,ORL,True,2-pointer,13,41-28,'NJN',leads
1242,1242,1242,200902080ORL,27.7,22.8,2nd quarter,7:40.0,Tony Battie,ORL,True,2-pointer,18,43-28,'NJN',leads
1243,1243,1243,200902080ORL,27.2,25.9,2nd quarter,7:02.0,Tony Battie,ORL,True,2-pointer,21,45-30,'NJN',leads
1244,1244,1244,200902080ORL,26.8,24.7,2nd quarter,6:29.0,Tony Battie,ORL,False,2-pointer,20,47-30,'NJN',leads
1245,1245,1245,200902080ORL,24.0,5.0,2nd quarter,5:47.0,Dwight Howard,ORL,False,2-pointer,0,47-32,'NJN',leads
1246,1246,1246,200902080ORL,23.6,17.6,2nd quarter,5:18.0,Anthony Johnson,ORL,False,2-pointer,13,47-32,'NJN',leads
1247,1247,1247,200902080ORL,34.8,5.3,2nd quarter,5:15.0,Tony Battie,ORL,False,2-pointer,11,47-32,'NJN',leads
1248,1248,1248,200902080ORL,24.0,5.0,2nd quarter,4:16.0,Dwight Howard,ORL,True,2-pointer,0,51-35,'NJN',leads
1249,1249,1249,200902080ORL,24.7,9.1,2nd quarter,2:54.0,Dwight Howard,ORL,True,2-pointer,4,54-35,'NJN',leads
1250,1250,1250,200902080ORL,31.7,7.0,2nd quarter,2:06.0,Dwight Howard,ORL,False,2-pointer,8,54-37,'NJN',leads
1251,1251,1251,200902080ORL,10.4,15.4,2nd quarter,1:39.0,J.J. Redick,ORL,False,2-pointer,17,54-37,'NJN',leads
1252,1252,1252,200902080ORL,24.0,13.9,2nd quarter,0:41.2,Rashard Lewis,ORL,True,2-pointer,9,57-42,'NJN',leads
1253,1253,1253,200902080ORL,24.0,5.0,3rd quarter,11:17.0,Dwight Howard,ORL,True,2-pointer,0,61-47,'NJN',leads
1254,1254,1254,200902080ORL,6.0,7.5,3rd quarter,10:32.0,Rashard Lewis,ORL,False,2-pointer,18,61-47,'NJN',leads
1255,1255,1255,200902080ORL,-0.2,3.3,3rd quarter,9:36.0,Rashard Lewis,ORL,False,3-pointer,24,61-50,'NJN',leads
1256,1256,1256,200902080ORL,24.0,5.0,3rd quarter,9:32.0,Anthony Johnson,ORL,False,2-pointer,0,61-50,'NJN',leads
1257,1257,1257,200902080ORL,24.0,5.0,3rd quarter,9:28.0,Dwight Howard,ORL,False,2-pointer,0,61-50,'NJN',leads
1258,1258,1258,200902080ORL,4.4,27.8,3rd quarter,8:50.0,Hedo Türkoğlu,ORL,False,3-pointer,30,61-51,'NJN',leads
1259,1259,1259,200902080ORL,24.0,5.0,3rd quarter,8:19.0,Hedo Türkoğlu,ORL,True,2-pointer,0,63-51,'NJN',leads
1260,1260,1260,200902080ORL,9.0,10.6,3rd quarter,7:33.0,Rashard Lewis,ORL,False,2-pointer,16,63-53,'NJN',leads
1261,1261,1261,200902080ORL,24.0,5.0,3rd quarter,7:31.0,Dwight Howard,ORL,True,2-pointer,0,65-53,'NJN',leads
1262,1262,1262,200902080ORL,24.0,5.0,3rd quarter,6:30.0,Anthony Johnson,ORL,True,2-pointer,0,69-57,'NJN',leads
1263,1263,1263,200902080ORL,24.0,5.0,3rd quarter,5:47.0,Anthony Johnson,ORL,False,2-pointer,0,69-59,'NJN',leads
1264,1264,1264,200902080ORL,24.0,5.0,3rd quarter,5:20.0,Mickaël Piétrus,ORL,True,2-pointer,0,71-59,'NJN',leads
1265,1265,1265,200902080ORL,1.1,3.9,3rd quarter,5:01.0,Mickaël Piétrus,ORL,True,3-pointer,23,74-59,'NJN',leads
1266,1266,1266,200902080ORL,23.0,26.1,3rd quarter,4:20.0,Mickaël Piétrus,ORL,False,2-pointer,21,74-59,'NJN',leads
1267,1267,1267,200902080ORL,24.0,10.6,3rd quarter,3:46.0,Dwight Howard,ORL,False,2-pointer,6,74-61,'NJN',leads
1268,1268,1268,200902080ORL,37.6,10.0,3rd quarter,3:04.0,Rashard Lewis,ORL,False,2-pointer,14,74-64,'NJN',leads
1269,1269,1269,200902080ORL,36.1,4.4,3rd quarter,2:38.0,Mickaël Piétrus,ORL,False,2-pointer,12,74-64,'NJN',leads
1270,1270,1270,200902080ORL,24.0,5.0,3rd quarter,2:25.0,Rashard Lewis,ORL,True,2-pointer,0,76-64,'NJN',leads
1271,1271,1271,200902080ORL,48.2,3.7,3rd quarter,1:47.0,Courtney Lee,ORL,False,3-pointer,24,76-65,'NJN',leads
1272,1272,1272,200902080ORL,38.0,14.3,3rd quarter,1:36.0,Hedo Türkoğlu,ORL,False,2-pointer,17,77-65,'NJN',leads
1273,1273,1273,200902080ORL,24.0,5.0,3rd quarter,0:19.9,Hedo Türkoğlu,ORL,False,2-pointer,0,77-65,'NJN',leads
1274,1274,1274,200902080ORL,40.8,22.8,4th quarter,11:34.0,J.J. Redick,ORL,False,3-pointer,24,79-65,'NJN',leads
1275,1275,1275,200902080ORL,13.5,5.7,4th quarter,11:29.0,Hedo Türkoğlu,ORL,True,2-pointer,11,81-65,'NJN',leads
1276,1276,1276,200902080ORL,38.7,27.8,4th quarter,10:48.0,Courtney Lee,ORL,False,3-pointer,27,81-67,'NJN',leads
1277,1277,1277,200902080ORL,0.1,3.4,4th quarter,9:32.0,J.J. Redick,ORL,False,3-pointer,24,81-69,'NJN',leads
1278,1278,1278,200902080ORL,24.0,5.0,4th quarter,9:22.0,Courtney Lee,ORL,False,2-pointer,0,81-69,'NJN',leads
1279,1279,1279,200902080ORL,24.0,5.0,4th quarter,8:39.0,Marcin Gortat,ORL,False,2-pointer,0,81-69,'NJN',leads
1280,1280,1280,200902080ORL,25.3,29.1,4th quarter,8:33.0,J.J. Redick,ORL,False,3-pointer,24,81-69,'NJN',leads
1281,1281,1281,200902080ORL,46.6,7.2,4th quarter,7:59.0,Anthony Johnson,ORL,False,3-pointer,23,81-71,'NJN',leads
1282,1282,1282,200902080ORL,37.5,8.4,4th quarter,7:52.0,Marcin Gortat,ORL,False,2-pointer,14,81-71,'NJN',leads
1283,1283,1283,200902080ORL,24.0,5.0,4th quarter,7:18.0,Marcin Gortat,ORL,True,2-pointer,0,83-71,'NJN',leads
1284,1284,1284,200902080ORL,7.9,11.6,4th quarter,6:49.0,Anthony Johnson,ORL,True,2-pointer,17,85-71,'NJN',leads
1285,1285,1285,200902080ORL,0.5,4.0,4th quarter,6:11.0,Mickaël Piétrus,ORL,True,3-pointer,24,88-73,'NJN',leads
1286,1286,1286,200902080ORL,42.1,23.4,4th quarter,5:40.0,J.J. Redick,ORL,False,3-pointer,26,88-76,'NJN',leads
1287,1287,1287,200902080ORL,44.4,19.9,4th quarter,4:07.0,Rashard Lewis,ORL,False,3-pointer,25,89-79,'NJN',leads
1288,1288,1288,200902080ORL,0.3,5.0,4th quarter,3:41.0,Mickaël Piétrus,ORL,True,3-pointer,24,92-80,'NJN',leads
1289,1289,1289,200902080ORL,40.8,23.9,4th quarter,3:11.0,Rashard Lewis,ORL,False,3-pointer,25,92-82,'NJN',leads
1290,1290,1290,200902080ORL,24.0,5.0,4th quarter,2:50.0,Dwight Howard,ORL,True,2-pointer,0,94-82,'NJN',leads
1291,1291,1291,200902080ORL,24.0,5.0,4th quarter,2:16.0,Dwight Howard,ORL,True,2-pointer,0,96-82,'NJN',leads
1292,1292,1292,200902080ORL,32.1,8.6,4th quarter,1:19.0,Hedo Türkoğlu,ORL,True,2-pointer,9,99-84,'NJN',leads
1293,1293,1293,200902080ORL,0.6,7.6,4th quarter,0:53.8,Mickaël Piétrus,ORL,False,3-pointer,24,99-84,'NJN',leads
1294,1294,1294,200902080POR,1.2,4.2,1st quarter,11:31.0,Danilo Gallinari,NYK,True,3-pointer,23,3-0,'POR',leads
1295,1295,1295,200902080POR,33.1,19.9,1st quarter,10:58.0,Al Harrington,NYK,False,2-pointer,17,3-0,'POR',leads
1296,1296,1296,200902080POR,24.0,5.0,1st quarter,10:42.0,Wilson Chandler,NYK,True,2-pointer,0,5-0,'POR',leads
1297,1297,1297,200902080POR,12.1,10.2,1st quarter,10:00.0,David Lee,NYK,False,2-pointer,13,5-2,'POR',leads
1298,1298,1298,200902080POR,42.9,16.6,1st quarter,9:36.0,Wilson Chandler,NYK,True,2-pointer,22,7-4,'POR',leads
1299,1299,1299,200902080POR,24.6,9.4,1st quarter,9:02.0,Al Harrington,NYK,True,2-pointer,4,9-4,'POR',leads
1300,1300,1300,200902080POR,24.0,5.0,1st quarter,8:34.0,David Lee,NYK,True,2-pointer,0,12-6,'POR',leads
1301,1301,1301,200902080POR,0.8,4.8,1st quarter,7:51.0,Danilo Gallinari,NYK,True,3-pointer,23,15-10,'POR',leads
1302,1302,1302,200902080POR,24.0,5.0,1st quarter,7:21.0,Chris Duhon,NYK,True,2-pointer,0,17-12,'POR',leads
1303,1303,1303,200902080POR,27.4,7.2,1st quarter,6:50.0,David Lee,NYK,False,2-pointer,4,17-15,'POR',leads
1304,1304,1304,200902080POR,42.4,23.1,1st quarter,6:24.0,Chris Duhon,NYK,False,3-pointer,26,17-15,'POR',leads
1305,1305,1305,200902080POR,24.0,5.0,1st quarter,5:56.0,David Lee,NYK,True,2-pointer,0,19-17,'POR',leads
1306,1306,1306,200902080POR,31.3,14.9,1st quarter,5:07.0,Nate Robinson,NYK,False,2-pointer,12,20-19,'POR',leads
1307,1307,1307,200902080POR,33.9,21.8,1st quarter,4:03.0,Tim Thomas,NYK,False,2-pointer,20,20-25,'POR',trails
1308,1308,1308,200902080POR,32.0,7.3,1st quarter,3:51.0,Wilson Chandler,NYK,False,2-pointer,8,20-25,'POR',trails
1309,1309,1309,200902080POR,24.0,5.0,1st quarter,3:49.0,Nate Robinson,NYK,True,2-pointer,0,22-25,'POR',trails
1310,1310,1310,200902080POR,46.5,5.0,1st quarter,3:18.0,Wilson Chandler,NYK,False,3-pointer,23,22-27,'POR',trails
1311,1311,1311,200902080POR,26.6,9.4,1st quarter,1:48.0,David Lee,NYK,True,2-pointer,5,24-32,'POR',trails
1312,1312,1312,200902080POR,15.9,9.7,1st quarter,1:28.0,Nate Robinson,NYK,False,2-pointer,9,24-34,'POR',trails
1313,1313,1313,200902080POR,15.0,27.2,1st quarter,1:12.0,Tim Thomas,NYK,True,3-pointer,24,27-34,'POR',trails
1314,1314,1314,200902080POR,36.7,26.7,1st quarter,0:32.9,Tim Thomas,NYK,False,3-pointer,25,27-34,'POR',trails
1315,1315,1315,200902080POR,20.8,29.1,1st quarter,0:00.8,Nate Robinson,NYK,False,3-pointer,24,27-36,'POR',trails
1316,1316,1316,200902080POR,24.0,5.0,2nd quarter,11:41.0,Quentin Richardson,NYK,False,2-pointer,0,27-36,'POR',trails
1317,1317,1317,200902080POR,40.0,8.1,2nd quarter,11:11.0,Tim Thomas,NYK,True,2-pointer,16,29-36,'POR',trails
1318,1318,1318,200902080POR,46.5,4.8,2nd quarter,10:36.0,Al Harrington,NYK,False,3-pointer,23,29-36,'POR',trails
1319,1319,1319,200902080POR,24.0,5.0,2nd quarter,9:38.0,Al Harrington,NYK,False,2-pointer,0,29-38,'POR',trails
1320,1320,1320,200902080POR,38.1,26.3,2nd quarter,8:36.0,Nate Robinson,NYK,False,3-pointer,26,29-41,'POR',trails
1321,1321,1321,200902080POR,24.0,5.0,2nd quarter,8:28.0,Al Harrington,NYK,True,2-pointer,0,31-41,'POR',trails
1322,1322,1322,200902080POR,31.2,4.5,2nd quarter,7:53.0,Quentin Richardson,NYK,True,2-pointer,7,33-41,'POR',trails
1323,1323,1323,200902080POR,17.5,6.7,2nd quarter,7:11.0,Al Harrington,NYK,True,2-pointer,7,35-41,'POR',trails
1324,1324,1324,200902080POR,1.9,5.0,2nd quarter,6:02.0,Al Harrington,NYK,True,3-pointer,22,40-42,'POR',trails
1325,1325,1325,200902080POR,44.7,5.9,2nd quarter,5:29.0,Jared Jeffries,NYK,True,2-pointer,21,42-42,'POR',tied
1326,1326,1326,200902080POR,24.0,5.0,2nd quarter,4:59.0,Al Harrington,NYK,True,2-pointer,0,44-44,'POR',tied
1327,1327,1327,200902080POR,32.0,19.8,2nd quarter,4:17.0,Al Harrington,NYK,False,2-pointer,17,44-46,'POR',trails
1328,1328,1328,200902080POR,24.0,5.0,2nd quarter,3:43.0,Jared Jeffries,NYK,False,2-pointer,0,44-48,'POR',trails
1329,1329,1329,200902080POR,19.5,25.1,2nd quarter,3:18.0,Wilson Chandler,NYK,False,2-pointer,21,44-51,'POR',trails
1330,1330,1330,200902080POR,26.6,31.3,2nd quarter,2:12.0,Chris Duhon,NYK,False,3-pointer,26,46-53,'POR',trails
1331,1331,1331,200902080POR,24.0,5.0,2nd quarter,1:29.0,Wilson Chandler,NYK,False,2-pointer,0,46-54,'POR',trails
1332,1332,1332,200902080POR,24.0,5.0,2nd quarter,1:27.0,David Lee,NYK,True,2-pointer,0,48-54,'POR',trails
1333,1333,1333,200902080POR,24.7,9.5,2nd quarter,0:37.9,Chris Duhon,NYK,True,2-pointer,5,50-56,'POR',trails
1334,1334,1334,200902080POR,39.4,24.8,2nd quarter,0:00.5,Danilo Gallinari,NYK,False,3-pointer,25,50-59,'POR',trails
1335,1335,1335,200902080POR,24.0,5.0,3rd quarter,11:43.0,David Lee,NYK,True,2-pointer,0,52-59,'POR',trails
1336,1336,1336,200902080POR,16.9,16.9,3rd quarter,11:03.0,Chris Duhon,NYK,False,2-pointer,14,52-59,'POR',trails
1337,1337,1337,200902080POR,24.0,5.0,3rd quarter,10:08.0,Chris Duhon,NYK,False,2-pointer,0,54-65,'POR',trails
1338,1338,1338,200902080POR,24.0,28.3,3rd quarter,10:04.0,Al Harrington,NYK,False,2-pointer,23,54-65,'POR',trails
1339,1339,1339,200902080POR,12.8,22.8,3rd quarter,9:47.0,David Lee,NYK,True,2-pointer,21,56-65,'POR',trails
1340,1340,1340,200902080POR,24.0,5.0,3rd quarter,8:41.0,David Lee,NYK,False,2-pointer,0,56-69,'POR',trails
1341,1341,1341,200902080POR,1.2,4.5,3rd quarter,8:18.0,Chris Duhon,NYK,False,3-pointer,23,56-69,'POR',trails
1342,1342,1342,200902080POR,24.0,5.0,3rd quarter,8:01.0,Chris Duhon,NYK,False,2-pointer,0,56-69,'POR',trails
1343,1343,1343,200902080POR,20.2,23.7,3rd quarter,7:42.0,Nate Robinson,NYK,True,2-pointer,19,58-71,'POR',trails
1344,1344,1344,200902080POR,38.1,25.0,3rd quarter,7:16.0,Nate Robinson,NYK,False,3-pointer,24,58-71,'POR',trails
1345,1345,1345,200902080POR,34.0,24.0,3rd quarter,6:32.0,Al Harrington,NYK,True,2-pointer,21,60-73,'POR',trails
1346,1346,1346,200902080POR,24.0,5.0,3rd quarter,6:03.0,Al Harrington,NYK,False,2-pointer,0,60-75,'POR',trails
1347,1347,1347,200902080POR,27.1,8.9,3rd quarter,5:53.0,Al Harrington,NYK,False,2-pointer,5,60-75,'POR',trails
1348,1348,1348,200902080POR,1.2,10.5,3rd quarter,5:26.0,Chris Duhon,NYK,True,3-pointer,23,63-77,'POR',trails
1349,1349,1349,200902080POR,0.9,5.7,3rd quarter,4:56.0,Chris Duhon,NYK,True,3-pointer,23,66-77,'POR',trails
1350,1350,1350,200902080POR,24.0,5.0,3rd quarter,4:18.0,David Lee,NYK,True,2-pointer,0,68-77,'POR',trails
1351,1351,1351,200902080POR,43.5,6.2,3rd quarter,3:10.0,Nate Robinson,NYK,True,2-pointer,20,71-77,'POR',trails
1352,1352,1352,200902080POR,46.6,3.7,3rd quarter,2:34.0,Tim Thomas,NYK,True,3-pointer,23,74-77,'POR',trails
1353,1353,1353,200902080POR,32.4,28.1,3rd quarter,1:59.0,Tim Thomas,NYK,True,3-pointer,25,77-78,'POR',trails
1354,1354,1354,200902080POR,0.9,13.3,3rd quarter,1:25.0,Nate Robinson,NYK,True,3-pointer,25,80-78,'POR',leads
1355,1355,1355,200902080POR,24.0,5.0,3rd quarter,1:01.0,Quentin Richardson,NYK,False,2-pointer,0,80-78,'POR',leads
1356,1356,1356,200902080POR,18.8,29.4,3rd quarter,0:35.9,Nate Robinson,NYK,False,3-pointer,25,80-80,'POR',tied
1357,1357,1357,200902080POR,18.1,7.0,3rd quarter,0:02.0,David Lee,NYK,True,2-pointer,6,82-82,'POR',tied
1358,1358,1358,200902080POR,24.7,29.6,4th quarter,11:25.0,Tim Thomas,NYK,True,3-pointer,25,85-82,'POR',leads
1359,1359,1359,200902080POR,34.0,21.0,4th quarter,10:32.0,Nate Robinson,NYK,True,2-pointer,19,87-82,'POR',leads
1360,1360,1360,200902080POR,25.2,30.2,4th quarter,9:56.0,Nate Robinson,NYK,True,3-pointer,25,90-84,'POR',leads
1361,1361,1361,200902080POR,36.7,21.2,4th quarter,9:27.0,Nate Robinson,NYK,True,2-pointer,21,92-84,'POR',leads
1362,1362,1362,200902080POR,21.6,30.0,4th quarter,8:08.0,Nate Robinson,NYK,True,3-pointer,25,97-84,'POR',leads
1363,1363,1363,200902080POR,3.1,17.4,4th quarter,7:03.0,Nate Robinson,NYK,False,3-pointer,24,97-86,'POR',leads
1364,1364,1364,200902080POR,37.2,25.6,4th quarter,6:26.0,Tim Thomas,NYK,True,3-pointer,24,100-88,'POR',leads
1365,1365,1365,200902080POR,25.0,30.0,4th quarter,5:37.0,Tim Thomas,NYK,False,3-pointer,25,100-91,'POR',leads
1366,1366,1366,200902080POR,18.0,23.9,4th quarter,5:04.0,Nate Robinson,NYK,False,2-pointer,20,100-93,'POR',leads
1367,1367,1367,200902080POR,24.0,5.0,4th quarter,4:35.0,David Lee,NYK,True,2-pointer,0,102-96,'POR',leads
1368,1368,1368,200902080POR,21.4,29.7,4th quarter,3:59.0,Chris Duhon,NYK,False,3-pointer,25,103-96,'POR',leads
1369,1369,1369,200902080POR,24.0,5.0,4th quarter,3:33.0,David Lee,NYK,True,2-pointer,0,105-97,'POR',leads
1370,1370,1370,200902080POR,2.0,15.1,4th quarter,2:47.0,Chris Duhon,NYK,False,3-pointer,24,105-99,'POR',leads
1371,1371,1371,200902080POR,1.4,4.7,4th quarter,1:54.0,Al Harrington,NYK,True,3-pointer,23,108-101,'POR',leads
1372,1372,1372,200902080POR,24.0,5.0,4th quarter,1:29.0,David Lee,NYK,False,2-pointer,0,108-103,'POR',leads
1373,1373,1373,200902080POR,15.0,7.0,4th quarter,0:45.9,David Lee,NYK,False,2-pointer,9,108-105,'POR',leads
1374,1374,1374,200902080POR,24.0,5.0,4th quarter,0:11.9,Al Harrington,NYK,False,2-pointer,0,108-107,'POR',leads
1375,1375,1375,200902080POR,24.0,5.0,1st quarter,10:21.0,Greg Oden,POR,True,2-pointer,0,2-5,'POR',trails
1376,1376,1376,200902080POR,24.0,5.0,1st quarter,9:53.0,Nicolas Batum,POR,True,2-pointer,0,4-5,'POR',trails
1377,1377,1377,200902080POR,24.0,5.0,1st quarter,8:48.0,Greg Oden,POR,True,2-pointer,0,6-10,'POR',trails
1378,1378,1378,200902080POR,17.2,6.4,1st quarter,8:17.0,LaMarcus Aldridge,POR,True,2-pointer,7,8-12,'POR',trails
1379,1379,1379,200902080POR,24.0,5.0,1st quarter,8:04.0,LaMarcus Aldridge,POR,True,2-pointer,0,10-12,'POR',trails
1380,1380,1380,200902080POR,24.0,5.0,1st quarter,7:35.0,Brandon Roy,POR,True,2-pointer,0,12-15,'POR',trails
1381,1381,1381,200902080POR,1.4,4.4,1st quarter,7:05.0,Brandon Roy,POR,True,3-pointer,23,15-17,'POR',trails
1382,1382,1382,200902080POR,28.2,29.2,1st quarter,6:34.0,Brandon Roy,POR,False,3-pointer,25,15-17,'POR',trails
1383,1383,1383,200902080POR,7.9,4.7,1st quarter,6:09.0,LaMarcus Aldridge,POR,True,2-pointer,16,17-17,'POR',tied
1384,1384,1384,200902080POR,10.4,19.6,1st quarter,5:33.0,Brandon Roy,POR,True,2-pointer,20,19-20,'POR',trails
1385,1385,1385,200902080POR,24.0,5.0,1st quarter,4:54.0,Travis Outlaw,POR,True,2-pointer,0,21-20,'POR',leads
1386,1386,1386,200902080POR,24.0,5.0,1st quarter,4:37.0,Travis Outlaw,POR,True,2-pointer,0,23-20,'POR',leads
1387,1387,1387,200902080POR,30.2,25.3,1st quarter,3:33.0,Travis Outlaw,POR,True,2-pointer,21,27-22,'POR',leads
1388,1388,1388,200902080POR,18.9,6.1,1st quarter,3:06.0,Joel Przybilla,POR,True,2-pointer,5,29-22,'POR',leads
1389,1389,1389,200902080POR,3.9,18.8,1st quarter,2:36.0,Jerryd Bayless,POR,True,3-pointer,24,32-22,'POR',leads
1390,1390,1390,200902080POR,24.0,5.0,1st quarter,1:38.0,Brandon Roy,POR,True,2-pointer,0,34-24,'POR',leads
1391,1391,1391,200902080POR,1.4,11.1,1st quarter,0:47.9,Brandon Roy,POR,False,3-pointer,23,34-27,'POR',leads
1392,1392,1392,200902080POR,32.0,28.5,2nd quarter,11:26.0,Rudy Fernández,POR,False,3-pointer,25,36-27,'POR',leads
1393,1393,1393,200902080POR,15.4,14.9,2nd quarter,10:25.0,Sergio Rodríguez,POR,False,2-pointer,13,36-29,'POR',leads
1394,1394,1394,200902080POR,24.0,5.0,2nd quarter,10:15.0,Sergio Rodríguez,POR,True,2-pointer,0,38-29,'POR',leads
1395,1395,1395,200902080POR,26.6,5.9,2nd quarter,9:52.0,Sergio Rodríguez,POR,False,2-pointer,3,38-29,'POR',leads
1396,1396,1396,200902080POR,38.1,8.3,2nd quarter,9:28.0,LaMarcus Aldridge,POR,False,2-pointer,14,38-29,'POR',leads
1397,1397,1397,200902080POR,27.1,29.9,2nd quarter,8:47.0,Sergio Rodríguez,POR,True,3-pointer,25,41-29,'POR',leads
1398,1398,1398,200902080POR,5.8,8.1,2nd quarter,7:33.0,Travis Outlaw,POR,False,2-pointer,18,41-33,'POR',leads
1399,1399,1399,200902080POR,4.1,19.8,2nd quarter,6:54.0,Sergio Rodríguez,POR,False,3-pointer,25,41-35,'POR',leads
1400,1400,1400,200902080POR,1.9,15.4,2nd quarter,6:23.0,Rudy Fernández,POR,False,3-pointer,24,41-37,'POR',leads
1401,1401,1401,200902080POR,14.2,11.9,2nd quarter,5:45.0,LaMarcus Aldridge,POR,False,2-pointer,12,42-40,'POR',leads
1402,1402,1402,200902080POR,24.0,5.0,2nd quarter,5:43.0,LaMarcus Aldridge,POR,False,2-pointer,0,42-40,'POR',leads
1403,1403,1403,200902080POR,24.0,5.0,2nd quarter,5:41.0,Greg Oden,POR,False,2-pointer,0,42-40,'POR',leads
1404,1404,1404,200902080POR,24.0,5.0,2nd quarter,5:11.0,Greg Oden,POR,True,2-pointer,0,44-42,'POR',leads
1405,1405,1405,200902080POR,10.1,13.8,2nd quarter,4:45.0,Brandon Roy,POR,False,2-pointer,16,44-44,'POR',tied
1406,1406,1406,200902080POR,24.0,5.0,2nd quarter,4:33.0,Rudy Fernández,POR,True,2-pointer,0,46-44,'POR',leads
1407,1407,1407,200902080POR,31.2,5.9,2nd quarter,4:02.0,Greg Oden,POR,False,2-pointer,7,46-44,'POR',leads
1408,1408,1408,200902080POR,24.0,5.0,2nd quarter,4:00.0,Greg Oden,POR,True,2-pointer,0,48-44,'POR',leads
1409,1409,1409,200902080POR,41.7,22.2,2nd quarter,3:34.0,Rudy Fernández,POR,True,3-pointer,25,51-44,'POR',leads
1410,1410,1410,200902080POR,24.0,5.0,2nd quarter,1:50.0,Brandon Roy,POR,False,2-pointer,0,53-46,'POR',leads
1411,1411,1411,200902080POR,46.5,4.8,2nd quarter,1:14.0,Travis Outlaw,POR,False,3-pointer,23,54-48,'POR',leads
1412,1412,1412,200902080POR,24.0,5.0,2nd quarter,0:49.9,Brandon Roy,POR,True,2-pointer,0,56-48,'POR',leads
1413,1413,1413,200902080POR,26.9,29.7,2nd quarter,0:27.9,Sergio Rodríguez,POR,True,3-pointer,25,59-50,'POR',leads
1414,1414,1414,200902080POR,24.0,5.0,3rd quarter,11:19.0,Greg Oden,POR,False,2-pointer,0,59-52,'POR',leads
1415,1415,1415,200902080POR,1.1,4.2,3rd quarter,10:51.0,Sergio Rodríguez,POR,True,3-pointer,23,62-52,'POR',leads
1416,1416,1416,200902080POR,21.6,29.4,3rd quarter,10:20.0,Sergio Rodríguez,POR,True,3-pointer,25,65-54,'POR',leads
1417,1417,1417,200902080POR,28.5,10.2,3rd quarter,9:27.0,Brandon Roy,POR,False,2-pointer,7,65-56,'POR',leads
1418,1418,1418,200902080POR,24.0,5.0,3rd quarter,9:25.0,Greg Oden,POR,True,2-pointer,0,67-56,'POR',leads
1419,1419,1419,200902080POR,16.5,17.4,3rd quarter,8:52.0,LaMarcus Aldridge,POR,True,2-pointer,14,69-56,'POR',leads
1420,1420,1420,200902080POR,24.0,5.0,3rd quarter,7:54.0,LaMarcus Aldridge,POR,True,2-pointer,0,71-56,'POR',leads
1421,1421,1421,200902080POR,38.4,25.3,3rd quarter,7:25.0,Nicolas Batum,POR,False,3-pointer,25,71-58,'POR',leads
1422,1422,1422,200902080POR,24.0,5.0,3rd quarter,7:23.0,LaMarcus Aldridge,POR,False,2-pointer,0,71-58,'POR',leads
1423,1423,1423,200902080POR,24.0,5.0,3rd quarter,6:48.0,Nicolas Batum,POR,True,2-pointer,0,73-58,'POR',leads
1424,1424,1424,200902080POR,24.0,5.0,3rd quarter,6:13.0,Greg Oden,POR,True,2-pointer,0,75-60,'POR',leads
1425,1425,1425,200902080POR,16.2,8.3,3rd quarter,4:30.0,LaMarcus Aldridge,POR,False,2-pointer,8,77-66,'POR',leads
1426,1426,1426,200902080POR,32.3,25.3,3rd quarter,3:22.0,Jerryd Bayless,POR,False,2-pointer,22,77-69,'POR',leads
1427,1427,1427,200902080POR,46.8,7.5,3rd quarter,2:13.0,Travis Outlaw,POR,False,3-pointer,23,77-74,'POR',leads
1428,1428,1428,200902080POR,16.9,6.1,3rd quarter,1:42.0,Travis Outlaw,POR,False,2-pointer,7,78-77,'POR',leads
1429,1429,1429,200902080POR,24.0,5.0,3rd quarter,0:22.9,Brandon Roy,POR,True,2-pointer,0,82-80,'POR',leads
1430,1430,1430,200902080POR,23.6,14.1,4th quarter,11:41.0,Travis Outlaw,POR,False,2-pointer,9,82-82,'POR',tied
1431,1431,1431,200902080POR,39.9,18.7,4th quarter,11:07.0,Travis Outlaw,POR,False,2-pointer,21,82-85,'POR',trails
1432,1432,1432,200902080POR,14.5,22.6,4th quarter,10:57.0,LaMarcus Aldridge,POR,False,2-pointer,20,82-85,'POR',trails
1433,1433,1433,200902080POR,27.1,9.4,4th quarter,10:16.0,LaMarcus Aldridge,POR,True,2-pointer,5,84-87,'POR',trails
1434,1434,1434,200902080POR,23.3,10.0,4th quarter,9:37.0,Sergio Rodríguez,POR,False,2-pointer,5,84-90,'POR',trails
1435,1435,1435,200902080POR,30.5,8.4,4th quarter,9:02.0,Sergio Rodríguez,POR,False,2-pointer,7,84-92,'POR',trails
1436,1436,1436,200902080POR,24.4,25.6,4th quarter,8:26.0,Travis Outlaw,POR,False,2-pointer,21,84-94,'POR',trails
1437,1437,1437,200902080POR,24.0,5.0,4th quarter,7:28.0,Travis Outlaw,POR,True,2-pointer,0,86-97,'POR',trails
1438,1438,1438,200902080POR,24.0,5.0,4th quarter,6:52.0,Brandon Roy,POR,True,2-pointer,0,88-97,'POR',trails
1439,1439,1439,200902080POR,18.3,29.2,4th quarter,6:01.0,Travis Outlaw,POR,True,3-pointer,25,91-100,'POR',trails
1440,1440,1440,200902080POR,6.1,7.0,4th quarter,5:19.0,LaMarcus Aldridge,POR,True,2-pointer,18,93-100,'POR',trails
1441,1441,1441,200902080POR,46.3,5.0,4th quarter,4:49.0,Travis Outlaw,POR,True,3-pointer,22,96-100,'POR',trails
1442,1442,1442,200902080POR,27.1,12.2,4th quarter,4:14.0,LaMarcus Aldridge,POR,False,2-pointer,8,96-103,'POR',trails
1443,1443,1443,200902080POR,24.0,5.0,4th quarter,4:13.0,Travis Outlaw,POR,False,2-pointer,0,96-103,'POR',trails
1444,1444,1444,200902080POR,7.2,8.0,4th quarter,3:15.0,LaMarcus Aldridge,POR,True,2-pointer,17,99-105,'POR',trails
1445,1445,1445,200902080POR,42.1,21.7,4th quarter,2:40.0,Rudy Fernández,POR,False,3-pointer,25,99-105,'POR',trails
1446,1446,1446,200902080POR,24.0,5.0,4th quarter,2:15.0,Brandon Roy,POR,True,2-pointer,0,101-105,'POR',trails
1447,1447,1447,200902080POR,26.6,18.5,4th quarter,1:44.0,Sergio Rodríguez,POR,False,2-pointer,14,101-108,'POR',trails
1448,1448,1448,200902080POR,24.0,5.0,4th quarter,1:43.0,Greg Oden,POR,True,2-pointer,0,103-108,'POR',trails
1449,1449,1449,200902080POR,8.8,14.3,4th quarter,1:10.0,Travis Outlaw,POR,True,2-pointer,18,105-108,'POR',trails
1450,1450,1450,200902080POR,24.0,5.0,4th quarter,0:34.9,Brandon Roy,POR,False,2-pointer,0,105-108,'POR',trails
1451,1451,1451,200902080POR,24.0,5.0,4th quarter,0:33.8,Greg Oden,POR,False,2-pointer,0,105-108,'POR',trails
1452,1452,1452,200902080POR,33.2,14.3,4th quarter,0:31.9,Travis Outlaw,POR,True,2-pointer,13,107-108,'POR',trails
1453,1453,1453,200902080POR,24.0,5.0,4th quarter,0:00.1,Brandon Roy,POR,True,2-pointer,0,109-108,'POR',leads
1454,1454,1454,200902080WAS,39.5,26.7,1st quarter,11:01.0,Danny Granger,IND,True,3-pointer,27,3-2,'IND',leads
1455,1455,1455,200902080WAS,44.7,22.8,1st quarter,10:32.0,Mike Dunleavy,IND,False,3-pointer,27,3-4,'IND',trails
1456,1456,1456,200902080WAS,26.6,13.6,1st quarter,10:03.0,Jarrett Jack,IND,True,2-pointer,9,5-6,'IND',trails
1457,1457,1457,200902080WAS,25.2,31.3,1st quarter,8:50.0,Danny Granger,IND,False,3-pointer,26,9-9,'IND',tied
1458,1458,1458,200902080WAS,24.0,6.1,1st quarter,8:35.0,Mike Dunleavy,IND,False,2-pointer,1,9-11,'IND',trails
1459,1459,1459,200902080WAS,23.3,32.4,1st quarter,8:01.0,Troy Murphy,IND,True,3-pointer,27,14-11,'IND',leads
1460,1460,1460,200902080WAS,25.7,5.1,1st quarter,7:29.0,Danny Granger,IND,True,2-pointer,2,16-13,'IND',leads
1461,1461,1461,200902080WAS,23.6,5.4,1st quarter,7:05.0,Jarrett Jack,IND,True,2-pointer,1,18-13,'IND',leads
1462,1462,1462,200902080WAS,15.0,29.9,1st quarter,6:42.0,Troy Murphy,IND,False,3-pointer,26,18-13,'IND',leads
1463,1463,1463,200902080WAS,30.2,11.4,1st quarter,6:11.0,T.J. Ford,IND,True,2-pointer,9,20-13,'IND',leads
1464,1464,1464,200902080WAS,25.7,5.0,1st quarter,5:42.0,Troy Murphy,IND,True,2-pointer,2,22-13,'IND',leads
1465,1465,1465,200902080WAS,21.0,6.9,1st quarter,5:16.0,T.J. Ford,IND,False,2-pointer,4,23-13,'IND',leads
1466,1466,1466,200902080WAS,2.5,18.2,1st quarter,4:26.0,Jeff Foster,IND,False,3-pointer,25,25-13,'IND',leads
1467,1467,1467,200902080WAS,24.4,5.9,1st quarter,4:07.0,Troy Murphy,IND,False,2-pointer,1,25-15,'IND',leads
1468,1468,1468,200902080WAS,26.4,5.1,1st quarter,3:54.0,Danny Granger,IND,True,2-pointer,2,27-15,'IND',leads
1469,1469,1469,200902080WAS,28.5,6.1,1st quarter,3:25.0,Danny Granger,IND,False,2-pointer,5,28-17,'IND',leads
1470,1470,1470,200902080WAS,24.0,3.9,1st quarter,3:21.0,Roy Hibbert,IND,True,2-pointer,1,30-17,'IND',leads
1471,1471,1471,200902080WAS,25.5,5.9,1st quarter,2:39.0,Roy Hibbert,IND,True,2-pointer,2,32-20,'IND',leads
1472,1472,1472,200902080WAS,7.2,17.4,1st quarter,2:06.0,Travis Diener,IND,False,2-pointer,21,32-22,'IND',leads
1473,1473,1473,200902080WAS,21.7,4.7,1st quarter,1:36.0,Brandon Rush,IND,False,2-pointer,2,32-24,'IND',leads
1474,1474,1474,200902080WAS,3.8,7.0,1st quarter,1:33.0,Brandon Rush,IND,False,2-pointer,20,32-24,'IND',leads
1475,1475,1475,200902080WAS,4.7,24.2,1st quarter,1:17.0,Danny Granger,IND,True,3-pointer,27,35-24,'IND',leads
1476,1476,1476,200902080WAS,31.3,4.0,1st quarter,0:36.9,Roy Hibbert,IND,False,2-pointer,7,35-27,'IND',leads
1477,1477,1477,200902080WAS,25.7,5.1,1st quarter,0:35.9,Troy Murphy,IND,True,2-pointer,2,37-27,'IND',leads
1478,1478,1478,200902080WAS,29.8,6.1,2nd quarter,11:16.0,Stephen Graham,IND,True,2-pointer,6,39-31,'IND',leads
1479,1479,1479,200902080WAS,10.4,12.8,2nd quarter,10:47.0,Brandon Rush,IND,False,2-pointer,16,39-33,'IND',leads
1480,1480,1480,200902080WAS,47.1,5.1,2nd quarter,9:58.0,Stephen Graham,IND,False,3-pointer,23,39-35,'IND',leads
1481,1481,1481,200902080WAS,35.3,22.5,2nd quarter,9:26.0,Brandon Rush,IND,False,2-pointer,21,39-35,'IND',leads
1482,1482,1482,200902080WAS,25.8,6.5,2nd quarter,8:50.0,Brandon Rush,IND,True,2-pointer,2,41-35,'IND',leads
1483,1483,1483,200902080WAS,44.7,18.4,2nd quarter,7:39.0,Jarrett Jack,IND,False,3-pointer,25,44-38,'IND',leads
1484,1484,1484,200902080WAS,28.8,6.2,2nd quarter,7:08.0,T.J. Ford,IND,False,2-pointer,5,44-41,'IND',leads
1485,1485,1485,200902080WAS,37.8,16.9,2nd quarter,6:35.0,Rasho Nesterović,IND,True,2-pointer,18,46-44,'IND',leads
1486,1486,1486,200902080WAS,47.4,5.0,2nd quarter,5:59.0,Brandon Rush,IND,True,3-pointer,23,49-45,'IND',leads
1487,1487,1487,200902080WAS,21.3,6.5,2nd quarter,4:25.0,Troy Murphy,IND,True,2-pointer,3,53-49,'IND',leads
1488,1488,1488,200902080WAS,21.7,5.4,2nd quarter,3:51.0,Troy Murphy,IND,True,2-pointer,2,55-49,'IND',leads
1489,1489,1489,200902080WAS,25.7,7.0,2nd quarter,3:26.0,Maceo Baston,IND,True,2-pointer,3,57-51,'IND',leads
1490,1490,1490,200902080WAS,22.4,5.4,2nd quarter,2:49.0,Maceo Baston,IND,True,2-pointer,2,59-53,'IND',leads
1491,1491,1491,200902080WAS,47.3,6.2,2nd quarter,1:19.0,Brandon Rush,IND,False,3-pointer,23,61-58,'IND',leads
1492,1492,1492,200902080WAS,5.0,17.9,2nd quarter,0:09.9,Brandon Rush,IND,True,2-pointer,23,63-61,'IND',leads
1493,1493,1493,200902080WAS,24.0,5.0,3rd quarter,11:47.0,Danny Granger,IND,False,2-pointer,0,63-61,'IND',leads
1494,1494,1494,200902080WAS,22.5,3.9,3rd quarter,11:44.0,Maceo Baston,IND,True,2-pointer,2,65-61,'IND',leads
1495,1495,1495,200902080WAS,23.2,31.9,3rd quarter,11:11.0,Troy Murphy,IND,False,3-pointer,27,65-63,'IND',leads
1496,1496,1496,200902080WAS,21.7,9.7,3rd quarter,10:14.0,Jarrett Jack,IND,False,2-pointer,5,65-67,'IND',trails
1497,1497,1497,200902080WAS,22.5,4.8,3rd quarter,9:47.0,Maceo Baston,IND,True,2-pointer,2,67-67,'IND',tied
1498,1498,1498,200902080WAS,39.7,25.3,3rd quarter,8:46.0,Danny Granger,IND,False,3-pointer,26,69-73,'IND',trails
1499,1499,1499,200902080WAS,22.9,10.0,3rd quarter,8:12.0,T.J. Ford,IND,True,2-pointer,5,71-76,'IND',trails
1500,1500,1500,200902080WAS,34.8,19.2,3rd quarter,7:09.0,Troy Murphy,IND,True,2-pointer,18,73-78,'IND',trails
1501,1501,1501,200902080WAS,14.0,30.5,3rd quarter,6:05.0,Danny Granger,IND,True,3-pointer,27,78-80,'IND',trails
1502,1502,1502,200902080WAS,43.0,6.5,3rd quarter,5:40.0,Troy Murphy,IND,False,2-pointer,19,78-80,'IND',trails
1503,1503,1503,200902080WAS,20.6,5.0,3rd quarter,4:49.0,T.J. Ford,IND,False,2-pointer,3,80-80,'IND',tied
1504,1504,1504,200902080WAS,40.6,7.6,3rd quarter,3:45.0,T.J. Ford,IND,True,2-pointer,17,84-85,'IND',trails
1505,1505,1505,200902080WAS,23.2,3.3,3rd quarter,3:19.0,Danny Granger,IND,False,2-pointer,2,84-85,'IND',trails
1506,1506,1506,200902080WAS,10.7,19.6,3rd quarter,3:00.0,Jarrett Jack,IND,False,2-pointer,20,84-85,'IND',trails
1507,1507,1507,200902080WAS,9.3,10.5,3rd quarter,2:07.0,T.J. Ford,IND,True,2-pointer,16,88-88,'IND',tied
1508,1508,1508,200902080WAS,19.4,31.9,3rd quarter,1:41.0,Danny Granger,IND,False,3-pointer,27,88-90,'IND',trails
1509,1509,1509,200902080WAS,35.1,23.3,3rd quarter,1:19.0,Danny Granger,IND,True,2-pointer,21,90-90,'IND',tied
1510,1510,1510,200902080WAS,24.9,7.5,3rd quarter,0:45.9,T.J. Ford,IND,True,2-pointer,3,92-90,'IND',leads
1511,1511,1511,200902080WAS,26.1,4.0,3rd quarter,0:09.8,T.J. Ford,IND,True,2-pointer,2,94-90,'IND',leads
1512,1512,1512,200902080WAS,0.6,8.0,4th quarter,11:31.0,Jarrett Jack,IND,True,3-pointer,24,97-94,'IND',leads
1513,1513,1513,200902080WAS,1.1,15.7,4th quarter,10:43.0,Travis Diener,IND,False,3-pointer,25,97-94,'IND',leads
1514,1514,1514,200902080WAS,31.2,30.0,4th quarter,10:24.0,Troy Murphy,IND,False,3-pointer,26,97-95,'IND',leads
1515,1515,1515,200902080WAS,1.1,17.3,4th quarter,9:39.0,Jarrett Jack,IND,True,3-pointer,26,100-95,'IND',leads
1516,1516,1516,200902080WAS,23.5,5.0,4th quarter,8:18.0,Jeff Foster,IND,True,2-pointer,1,104-97,'IND',leads
1517,1517,1517,200902080WAS,47.4,7.2,4th quarter,7:48.0,Brandon Rush,IND,True,3-pointer,24,107-99,'IND',leads
1518,1518,1518,200902080WAS,24.0,31.5,4th quarter,6:24.0,Travis Diener,IND,False,3-pointer,27,108-101,'IND',leads
1519,1519,1519,200902080WAS,10.2,9.2,4th quarter,5:08.0,Danny Granger,IND,True,2-pointer,14,110-103,'IND',leads
1520,1520,1520,200902080WAS,7.9,15.1,4th quarter,4:07.0,Troy Murphy,IND,False,2-pointer,19,110-104,'IND',leads
1521,1521,1521,200902080WAS,46.6,7.0,4th quarter,3:31.0,Jarrett Jack,IND,False,3-pointer,23,110-105,'IND',leads
1522,1522,1522,200902080WAS,38.6,12.1,4th quarter,2:48.0,T.J. Ford,IND,False,2-pointer,16,110-107,'IND',leads
1523,1523,1523,200902080WAS,35.3,17.7,4th quarter,2:17.0,T.J. Ford,IND,True,2-pointer,17,112-107,'IND',leads
1524,1524,1524,200902080WAS,30.4,25.6,4th quarter,1:18.0,Danny Granger,IND,True,2-pointer,22,114-111,'IND',leads
1525,1525,1525,200902080WAS,1.7,5.9,4th quarter,0:40.9,Brandon Rush,IND,False,3-pointer,22,114-114,'IND',tied
1526,1526,1526,200902080WAS,25.8,30.4,4th quarter,0:15.9,Danny Granger,IND,True,3-pointer,25,117-117,'IND',tied
1527,1527,1527,200902080WAS,-0.3,7.2,1st quarter,11:46.0,Mike James,WAS,False,3-pointer,24,0-0,'IND',tied
1528,1528,1528,200902080WAS,7.7,14.9,1st quarter,11:40.0,Darius Songaila,WAS,True,2-pointer,19,2-0,'IND',leads
1529,1529,1529,200902080WAS,0.9,17.3,1st quarter,11:17.0,Caron Butler,WAS,False,3-pointer,26,2-0,'IND',leads
1530,1530,1530,200902080WAS,30.7,5.3,1st quarter,10:41.0,Antawn Jamison,WAS,True,2-pointer,7,4-3,'IND',leads
1531,1531,1531,200902080WAS,24.6,3.7,1st quarter,10:21.0,Antawn Jamison,WAS,True,2-pointer,1,6-3,'IND',leads
1532,1532,1532,200902080WAS,22.4,5.9,1st quarter,9:49.0,Darius Songaila,WAS,True,2-pointer,2,8-5,'IND',leads
1533,1533,1533,200902080WAS,39.2,9.8,1st quarter,9:25.0,Caron Butler,WAS,False,2-pointer,16,9-7,'IND',leads
1534,1534,1534,200902080WAS,19.5,4.4,1st quarter,8:42.0,Antawn Jamison,WAS,True,2-pointer,5,11-9,'IND',leads
1535,1535,1535,200902080WAS,40.5,5.9,1st quarter,8:11.0,Caron Butler,WAS,False,2-pointer,17,11-11,'IND',tied
1536,1536,1536,200902080WAS,24.2,11.1,1st quarter,7:11.0,JaVale McGee,WAS,False,2-pointer,6,13-16,'IND',trails
1537,1537,1537,200902080WAS,7.9,8.0,1st quarter,6:50.0,Caron Butler,WAS,False,2-pointer,16,13-18,'IND',trails
1538,1538,1538,200902080WAS,1.9,16.6,1st quarter,6:20.0,Antawn Jamison,WAS,False,3-pointer,25,13-18,'IND',trails
1539,1539,1539,200902080WAS,21.7,9.8,1st quarter,5:49.0,Antawn Jamison,WAS,False,2-pointer,5,13-20,'IND',trails
1540,1540,1540,200902080WAS,31.0,24.5,1st quarter,4:52.0,Darius Songaila,WAS,False,2-pointer,21,13-25,'IND',trails
1541,1541,1541,200902080WAS,26.1,8.1,1st quarter,4:18.0,Caron Butler,WAS,True,2-pointer,4,15-25,'IND',trails
1542,1542,1542,200902080WAS,27.6,5.3,1st quarter,4:00.0,Caron Butler,WAS,False,2-pointer,4,15-25,'IND',trails
1543,1543,1543,200902080WAS,26.0,4.7,1st quarter,3:00.0,Antawn Jamison,WAS,True,2-pointer,2,19-30,'IND',trails
1544,1544,1544,200902080WAS,41.7,8.7,1st quarter,1:51.0,Antawn Jamison,WAS,True,2-pointer,18,24-32,'IND',trails
1545,1545,1545,200902080WAS,47.4,14.9,1st quarter,0:51.9,Nick Young,WAS,True,3-pointer,25,27-35,'IND',trails
1546,1546,1546,200902080WAS,21.9,5.6,1st quarter,0:23.6,Antawn Jamison,WAS,True,2-pointer,2,29-37,'IND',trails
1547,1547,1547,200902080WAS,24.6,5.0,2nd quarter,11:31.0,Javaris Crittenton,WAS,True,2-pointer,1,31-37,'IND',trails
1548,1548,1548,200902080WAS,6.9,10.2,2nd quarter,10:54.0,Nick Young,WAS,True,2-pointer,18,33-39,'IND',trails
1549,1549,1549,200902080WAS,24.0,25.0,2nd quarter,10:21.0,Darius Songaila,WAS,True,2-pointer,20,35-39,'IND',trails
1550,1550,1550,200902080WAS,34.6,21.7,2nd quarter,9:43.0,Nick Young,WAS,False,2-pointer,20,35-39,'IND',trails
1551,1551,1551,200902080WAS,15.9,5.4,2nd quarter,9:10.0,JaVale McGee,WAS,False,2-pointer,8,35-39,'IND',trails
1552,1552,1552,200902080WAS,5.3,22.5,2nd quarter,8:31.0,Nick Young,WAS,True,3-pointer,26,38-42,'IND',trails
1553,1553,1553,200902080WAS,23.5,7.3,2nd quarter,7:54.0,JaVale McGee,WAS,False,2-pointer,2,38-44,'IND',trails
1554,1554,1554,200902080WAS,0.3,5.3,2nd quarter,7:19.0,Antawn Jamison,WAS,True,3-pointer,24,41-44,'IND',trails
1555,1555,1555,200902080WAS,23.0,9.7,2nd quarter,6:53.0,Nick Young,WAS,True,2-pointer,5,43-44,'IND',trails
1556,1556,1556,200902080WAS,8.3,5.0,2nd quarter,5:37.0,Caron Butler,WAS,False,2-pointer,16,45-49,'IND',trails
1557,1557,1557,200902080WAS,21.9,1.7,2nd quarter,5:34.0,Antawn Jamison,WAS,False,2-pointer,4,45-49,'IND',trails
1558,1558,1558,200902080WAS,23.3,4.7,2nd quarter,5:19.0,Caron Butler,WAS,True,2-pointer,1,47-49,'IND',trails
1559,1559,1559,200902080WAS,19.1,5.1,2nd quarter,4:40.0,Javaris Crittenton,WAS,False,2-pointer,5,47-51,'IND',trails
1560,1560,1560,200902080WAS,33.1,6.7,2nd quarter,4:06.0,Antawn Jamison,WAS,False,2-pointer,9,49-53,'IND',trails
1561,1561,1561,200902080WAS,38.7,8.1,2nd quarter,3:36.0,Nick Young,WAS,True,2-pointer,15,51-55,'IND',trails
1562,1562,1562,200902080WAS,22.1,5.7,2nd quarter,3:05.0,JaVale McGee,WAS,True,2-pointer,2,53-57,'IND',trails
1563,1563,1563,200902080WAS,39.7,25.1,2nd quarter,2:37.0,Antawn Jamison,WAS,False,3-pointer,26,53-60,'IND',trails
1564,1564,1564,200902080WAS,21.4,5.1,2nd quarter,2:34.0,JaVale McGee,WAS,False,2-pointer,3,53-60,'IND',trails
1565,1565,1565,200902080WAS,37.6,6.2,2nd quarter,2:03.0,Nick Young,WAS,True,2-pointer,14,55-60,'IND',trails
1566,1566,1566,200902080WAS,25.0,5.0,2nd quarter,1:37.0,Caron Butler,WAS,True,2-pointer,1,57-61,'IND',trails
1567,1567,1567,200902080WAS,10.6,30.0,2nd quarter,0:34.9,Caron Butler,WAS,False,3-pointer,28,61-61,'IND',tied
1568,1568,1568,200902080WAS,23.2,13.9,2nd quarter,0:01.0,Javaris Crittenton,WAS,False,2-pointer,9,61-63,'IND',trails
1569,1569,1569,200902080WAS,21.7,8.6,3rd quarter,11:23.0,Darius Songaila,WAS,False,2-pointer,4,61-65,'IND',trails
1570,1570,1570,200902080WAS,22.9,8.3,3rd quarter,11:20.0,Antawn Jamison,WAS,True,2-pointer,3,63-65,'IND',trails
1571,1571,1571,200902080WAS,3.8,8.6,3rd quarter,10:38.0,Caron Butler,WAS,True,2-pointer,21,67-65,'IND',leads
1572,1572,1572,200902080WAS,47.6,5.3,3rd quarter,9:29.0,Antawn Jamison,WAS,True,3-pointer,24,70-67,'IND',leads
1573,1573,1573,200902080WAS,43.3,23.1,3rd quarter,9:05.0,Mike James,WAS,True,3-pointer,26,73-69,'IND',leads
1574,1574,1574,200902080WAS,15.9,29.1,3rd quarter,8:36.0,Antawn Jamison,WAS,True,3-pointer,25,76-69,'IND',leads
1575,1575,1575,200902080WAS,11.0,7.0,3rd quarter,7:48.0,Oleksiy Pecherov,WAS,False,2-pointer,13,76-71,'IND',leads
1576,1576,1576,200902080WAS,35.0,13.3,3rd quarter,7:38.0,Caron Butler,WAS,False,2-pointer,14,76-71,'IND',leads
1577,1577,1577,200902080WAS,24.0,4.0,3rd quarter,7:27.0,Caron Butler,WAS,True,2-pointer,1,78-71,'IND',leads
1578,1578,1578,200902080WAS,10.4,12.8,3rd quarter,6:43.0,Oleksiy Pecherov,WAS,True,2-pointer,16,80-73,'IND',leads
1579,1579,1579,200902080WAS,5.7,24.5,3rd quarter,6:15.0,Oleksiy Pecherov,WAS,False,3-pointer,27,80-75,'IND',leads
1580,1580,1580,200902080WAS,24.9,5.0,3rd quarter,4:57.0,Mike James,WAS,False,2-pointer,1,80-80,'IND',tied
1581,1581,1581,200902080WAS,14.5,28.9,3rd quarter,4:38.0,Mike James,WAS,True,3-pointer,26,83-80,'IND',leads
1582,1582,1582,200902080WAS,6.1,11.7,3rd quarter,4:07.0,Mike James,WAS,True,2-pointer,19,85-82,'IND',leads
1583,1583,1583,200902080WAS,6.6,10.3,3rd quarter,3:28.0,Antawn Jamison,WAS,False,2-pointer,18,85-84,'IND',leads
1584,1584,1584,200902080WAS,13.7,22.8,3rd quarter,2:47.0,Oleksiy Pecherov,WAS,False,2-pointer,21,85-84,'IND',leads
1585,1585,1585,200902080WAS,21.0,31.9,3rd quarter,2:28.0,Antawn Jamison,WAS,True,3-pointer,27,88-86,'IND',leads
1586,1586,1586,200902080WAS,21.3,9.4,3rd quarter,1:32.0,Antawn Jamison,WAS,False,2-pointer,5,90-88,'IND',leads
1587,1587,1587,200902080WAS,21.4,6.4,3rd quarter,1:29.0,Caron Butler,WAS,False,2-pointer,3,90-88,'IND',leads
1588,1588,1588,200902080WAS,22.4,5.3,3rd quarter,0:00.9,Antawn Jamison,WAS,True,2-pointer,2,92-94,'IND',trails
1589,1589,1589,200902080WAS,6.3,9.4,4th quarter,11:45.0,Caron Butler,WAS,True,2-pointer,18,94-94,'IND',tied
1590,1590,1590,200902080WAS,36.1,11.3,4th quarter,11:10.0,Caron Butler,WAS,False,2-pointer,14,94-97,'IND',trails
1591,1591,1591,200902080WAS,46.6,9.5,4th quarter,10:04.0,Antawn Jamison,WAS,False,3-pointer,23,95-97,'IND',trails
1592,1592,1592,200902080WAS,37.8,21.8,4th quarter,9:16.0,Caron Butler,WAS,False,2-pointer,22,95-100,'IND',trails
1593,1593,1593,200902080WAS,24.6,4.7,4th quarter,7:24.0,Antawn Jamison,WAS,False,2-pointer,1,99-107,'IND',trails
1594,1594,1594,200902080WAS,21.6,6.4,4th quarter,7:21.0,Dominic McGuire,WAS,True,2-pointer,3,101-107,'IND',trails
1595,1595,1595,200902080WAS,24.1,8.4,4th quarter,6:08.0,Darius Songaila,WAS,True,2-pointer,3,103-108,'IND',trails
1596,1596,1596,200902080WAS,40.5,4.7,4th quarter,5:33.0,Nick Young,WAS,False,2-pointer,17,103-108,'IND',trails
1597,1597,1597,200902080WAS,39.7,4.8,4th quarter,4:43.0,Caron Butler,WAS,False,2-pointer,16,103-110,'IND',trails
1598,1598,1598,200902080WAS,22.4,7.2,4th quarter,3:47.0,Mike James,WAS,False,2-pointer,3,104-110,'IND',trails
1599,1599,1599,200902080WAS,36.1,15.5,4th quarter,3:12.0,Caron Butler,WAS,True,2-pointer,16,107-110,'IND',trails
1600,1600,1600,200902080WAS,24.6,4.4,4th quarter,2:40.0,Nick Young,WAS,False,2-pointer,1,107-110,'IND',trails
1601,1601,1601,200902080WAS,42.5,5.6,4th quarter,2:02.0,Caron Butler,WAS,True,2-pointer,19,109-112,'IND',trails
1602,1602,1602,200902080WAS,8.3,9.8,4th quarter,1:32.0,Caron Butler,WAS,True,2-pointer,16,111-112,'IND',trails
1603,1603,1603,200902080WAS,23.8,6.1,4th quarter,1:03.0,Mike James,WAS,False,2-pointer,1,111-114,'IND',trails
1604,1604,1604,200902080WAS,16.4,29.1,4th quarter,0:57.9,Caron Butler,WAS,True,3-pointer,25,114-114,'IND',tied
1605,1605,1605,200902080WAS,19.7,31.1,4th quarter,0:20.9,Caron Butler,WAS,True,3-pointer,26,117-114,'IND',leads
1606,1606,1606,200902080WAS,38.1,16.3,4th quarter,0:00.9,Caron Butler,WAS,True,2-pointer,18,119-117,'IND',leads
