,Unnamed: 0.1,Unnamed: 0,match_id,shotX,shotY,quarter,time_remaining,player,team,made,shot_type,distance,score,opp,status
0,0,0,201510290IND,40.7,10.7,1st quarter,11:38.0,Zach Randolph,MEM,False,2-pointer,18,0-0,'IND',tied
1,1,1,201510290IND,16.7,21.8,1st quarter,11:27.0,Courtney Lee,MEM,True,2-pointer,20,2-0,'IND',leads
2,2,2,201510290IND,9.3,15.0,1st quarter,10:41.0,Courtney Lee,MEM,True,2-pointer,18,4-0,'IND',leads
3,3,3,201510290IND,30.8,5.6,1st quarter,10:17.0,Tony Allen,MEM,False,2-pointer,7,5-0,'IND',leads
4,4,4,201510290IND,23.6,3.1,1st quarter,10:14.0,Tony Allen,MEM,True,2-pointer,0,7-0,'IND',leads
5,5,5,201510290IND,28.6,8.5,1st quarter,9:38.0,Zach Randolph,MEM,False,2-pointer,7,7-2,'IND',leads
6,6,6,201510290IND,33.9,15.0,1st quarter,9:10.0,Marc Gasol,MEM,False,2-pointer,15,7-2,'IND',leads
7,7,7,201510290IND,24.2,2.7,1st quarter,8:50.0,Tony Allen,MEM,True,2-pointer,0,9-4,'IND',leads
8,8,8,201510290IND,42.6,13.0,1st quarter,8:06.0,Marc Gasol,MEM,False,2-pointer,21,9-6,'IND',leads
9,9,9,201510290IND,29.1,12.5,1st quarter,8:01.0,Courtney Lee,MEM,True,2-pointer,10,11-6,'IND',leads
10,10,10,201510290IND,24.0,3.1,1st quarter,7:25.0,Marc Gasol,MEM,True,2-pointer,0,13-6,'IND',leads
11,11,11,201510290IND,22.0,23.0,1st quarter,6:54.0,Marc Gasol,MEM,False,2-pointer,20,13-7,'IND',leads
12,12,12,201510290IND,22.9,3.0,1st quarter,6:32.0,Mike Conley,MEM,True,2-pointer,1,15-7,'IND',leads
13,13,13,201510290IND,24.4,28.7,1st quarter,5:19.0,Courtney Lee,MEM,False,3-pointer,25,15-7,'IND',leads
14,14,14,201510290IND,5.3,8.7,1st quarter,4:43.0,Jeff Green,MEM,True,2-pointer,19,17-10,'IND',leads
15,15,15,201510290IND,22.3,2.5,1st quarter,4:15.0,Beno Udrih,MEM,True,2-pointer,1,19-10,'IND',leads
16,16,16,201510290IND,24.8,7.8,1st quarter,3:53.0,Zach Randolph,MEM,True,2-pointer,5,21-10,'IND',leads
17,17,17,201510290IND,23.4,8.6,1st quarter,3:15.0,Marc Gasol,MEM,False,2-pointer,5,22-10,'IND',leads
18,18,18,201510290IND,29.2,9.5,1st quarter,2:28.0,Zach Randolph,MEM,False,2-pointer,8,24-10,'IND',leads
19,19,19,201510290IND,-0.1,1.4,1st quarter,1:45.0,Beno Udrih,MEM,True,3-pointer,24,28-13,'IND',leads
20,20,20,201510290IND,26.9,4.5,1st quarter,0:50.0,JaMychal Green,MEM,False,2-pointer,3,29-18,'IND',leads
21,21,21,201510290IND,20.8,9.6,1st quarter,0:26.0,JaMychal Green,MEM,False,2-pointer,7,29-20,'IND',leads
22,22,22,201510290IND,28.8,12.5,2nd quarter,9:46.0,Mike Conley,MEM,False,2-pointer,10,29-26,'IND',leads
23,23,23,201510290IND,-0.5,9.5,2nd quarter,9:03.0,Matt Barnes,MEM,True,3-pointer,25,34-26,'IND',leads
24,24,24,201510290IND,28.2,5.6,2nd quarter,8:29.0,Tony Allen,MEM,False,2-pointer,5,34-28,'IND',leads
25,25,25,201510290IND,24.0,3.1,2nd quarter,8:07.0,Brandan Wright,MEM,True,2-pointer,0,36-30,'IND',leads
26,26,26,201510290IND,24.0,3.1,2nd quarter,7:22.0,Brandan Wright,MEM,True,2-pointer,0,38-32,'IND',leads
27,27,27,201510290IND,22.8,3.2,2nd quarter,6:48.0,Mike Conley,MEM,True,2-pointer,1,40-35,'IND',leads
28,28,28,201510290IND,34.2,19.2,2nd quarter,6:26.0,JaMychal Green,MEM,False,2-pointer,19,40-35,'IND',leads
29,29,29,201510290IND,13.1,25.3,2nd quarter,5:36.0,Courtney Lee,MEM,False,3-pointer,24,40-38,'IND',leads
30,30,30,201510290IND,28.2,5.3,2nd quarter,5:15.0,Tony Allen,MEM,True,2-pointer,5,42-38,'IND',leads
31,31,31,201510290IND,7.7,6.7,2nd quarter,4:32.0,Zach Randolph,MEM,False,2-pointer,17,42-38,'IND',leads
32,32,32,201510290IND,24.4,3.2,2nd quarter,4:14.0,Mike Conley,MEM,False,2-pointer,0,42-38,'IND',leads
33,33,33,201510290IND,13.8,3.7,2nd quarter,3:56.0,Mike Conley,MEM,False,2-pointer,10,42-38,'IND',leads
34,34,34,201510290IND,27.6,1.5,2nd quarter,3:35.0,Zach Randolph,MEM,False,2-pointer,4,42-40,'IND',leads
35,35,35,201510290IND,45.1,14.6,2nd quarter,3:23.0,Tony Allen,MEM,False,3-pointer,24,42-40,'IND',leads
36,36,36,201510290IND,24.0,3.1,2nd quarter,2:54.0,Marc Gasol,MEM,True,2-pointer,0,44-43,'IND',leads
37,37,37,201510290IND,26.0,6.7,2nd quarter,2:05.0,Tony Allen,MEM,False,2-pointer,4,44-45,'IND',trails
38,38,38,201510290IND,32.1,19.4,2nd quarter,1:43.0,Marc Gasol,MEM,True,2-pointer,18,46-45,'IND',leads
39,39,39,201510290IND,37.0,13.0,2nd quarter,0:04.0,Beno Udrih,MEM,True,2-pointer,16,50-49,'IND',leads
40,40,40,201510290IND,22.6,23.3,3rd quarter,11:21.0,Marc Gasol,MEM,False,2-pointer,20,50-51,'IND',trails
41,41,41,201510290IND,15.2,16.6,3rd quarter,10:25.0,Marc Gasol,MEM,False,2-pointer,16,51-55,'IND',trails
42,42,42,201510290IND,46.7,5.3,3rd quarter,9:51.0,Courtney Lee,MEM,False,3-pointer,22,51-58,'IND',trails
43,43,43,201510290IND,22.9,4.1,3rd quarter,9:23.0,Mike Conley,MEM,False,2-pointer,1,51-58,'IND',trails
44,44,44,201510290IND,24.1,3.1,3rd quarter,9:23.0,Zach Randolph,MEM,False,2-pointer,0,51-58,'IND',trails
45,45,45,201510290IND,4.6,11.2,3rd quarter,8:27.0,Tony Allen,MEM,False,2-pointer,21,53-60,'IND',trails
46,46,46,201510290IND,30.7,22.6,3rd quarter,8:04.0,Zach Randolph,MEM,True,2-pointer,21,55-60,'IND',trails
47,47,47,201510290IND,46.5,4.6,3rd quarter,7:30.0,Courtney Lee,MEM,False,3-pointer,22,55-60,'IND',trails
48,48,48,201510290IND,41.2,7.0,3rd quarter,7:00.0,Zach Randolph,MEM,False,2-pointer,18,55-60,'IND',trails
49,49,49,201510290IND,30.2,19.1,3rd quarter,5:48.0,Zach Randolph,MEM,False,2-pointer,17,57-63,'IND',trails
50,50,50,201510290IND,8.2,2.4,3rd quarter,5:19.0,Beno Udrih,MEM,True,2-pointer,15,59-63,'IND',trails
51,51,51,201510290IND,25.2,6.8,3rd quarter,4:50.0,Tony Allen,MEM,False,2-pointer,4,59-63,'IND',trails
52,52,52,201510290IND,23.4,4.2,3rd quarter,4:48.0,Tony Allen,MEM,True,2-pointer,1,61-63,'IND',trails
53,53,53,201510290IND,22.8,6.6,3rd quarter,4:16.0,Courtney Lee,MEM,False,2-pointer,3,61-63,'IND',trails
54,54,54,201510290IND,-0.1,0.6,3rd quarter,3:12.0,Matt Barnes,MEM,False,3-pointer,24,63-68,'IND',trails
55,55,55,201510290IND,34.7,4.6,3rd quarter,2:48.0,Matt Barnes,MEM,False,2-pointer,10,63-71,'IND',trails
56,56,56,201510290IND,22.4,16.6,3rd quarter,2:34.0,Courtney Lee,MEM,True,2-pointer,13,65-71,'IND',trails
57,57,57,201510290IND,30.4,28.2,3rd quarter,1:53.0,Beno Udrih,MEM,False,3-pointer,26,65-73,'IND',trails
58,58,58,201510290IND,44.0,18.6,3rd quarter,1:29.0,Matt Barnes,MEM,True,3-pointer,25,69-75,'IND',trails
59,59,59,201510290IND,23.9,13.0,3rd quarter,1:00.0,Marc Gasol,MEM,True,2-pointer,10,71-75,'IND',trails
60,60,60,201510290IND,22.8,2.9,3rd quarter,0:36.0,Beno Udrih,MEM,True,2-pointer,1,73-75,'IND',trails
61,61,61,201510290IND,22.9,28.9,3rd quarter,0:00.0,Matt Barnes,MEM,False,3-pointer,25,73-75,'IND',trails
62,62,62,201510290IND,24.0,3.1,4th quarter,11:45.0,Brandan Wright,MEM,True,2-pointer,0,75-75,'IND',tied
63,63,63,201510290IND,47.5,3.2,4th quarter,10:46.0,Matt Barnes,MEM,True,3-pointer,23,80-78,'IND',leads
64,64,64,201510290IND,25.7,2.9,4th quarter,10:14.0,Jeff Green,MEM,True,2-pointer,1,82-81,'IND',leads
65,65,65,201510290IND,0.3,2.4,4th quarter,10:01.0,Matt Barnes,MEM,False,3-pointer,23,82-81,'IND',leads
66,66,66,201510290IND,21.0,5.5,4th quarter,9:29.0,JaMychal Green,MEM,True,2-pointer,4,85-83,'IND',leads
67,67,67,201510290IND,35.0,14.1,4th quarter,8:48.0,Jeff Green,MEM,True,2-pointer,15,87-85,'IND',leads
68,68,68,201510290IND,14.3,12.0,4th quarter,7:55.0,Mike Conley,MEM,True,2-pointer,13,89-85,'IND',leads
69,69,69,201510290IND,1.2,2.5,4th quarter,7:24.0,Mike Conley,MEM,True,3-pointer,22,92-86,'IND',leads
70,70,70,201510290IND,16.2,4.6,4th quarter,6:11.0,Jeff Green,MEM,False,2-pointer,7,92-90,'IND',leads
71,71,71,201510290IND,24.4,10.2,4th quarter,5:38.0,Brandan Wright,MEM,True,2-pointer,7,94-93,'IND',leads
72,72,72,201510290IND,21.8,3.2,4th quarter,4:54.0,Mike Conley,MEM,False,2-pointer,2,94-93,'IND',leads
73,73,73,201510290IND,9.5,12.0,4th quarter,4:27.0,Mike Conley,MEM,False,2-pointer,17,94-94,'IND',tied
74,74,74,201510290IND,20.6,12.0,4th quarter,3:49.0,Marc Gasol,MEM,True,2-pointer,9,96-96,'IND',tied
75,75,75,201510290IND,2.3,17.9,4th quarter,3:23.0,Jeff Green,MEM,True,3-pointer,26,99-96,'IND',leads
76,76,76,201510290IND,22.8,3.2,4th quarter,2:47.0,Marc Gasol,MEM,True,2-pointer,1,101-96,'IND',leads
77,77,77,201510290IND,22.9,22.5,4th quarter,2:09.0,Marc Gasol,MEM,True,2-pointer,19,103-99,'IND',leads
78,78,78,201510290IND,7.9,23.5,4th quarter,1:29.0,Jeff Green,MEM,True,3-pointer,26,106-99,'IND',leads
79,79,79,201510290IND,24.1,5.7,4th quarter,1:17.0,Tony Allen,MEM,False,2-pointer,3,106-99,'IND',leads
80,80,80,201510290IND,25.2,3.7,4th quarter,1:17.0,Mike Conley,MEM,True,2-pointer,1,108-99,'IND',leads
81,81,81,201510290IND,20.0,5.7,4th quarter,0:28.0,Zach Randolph,MEM,True,2-pointer,5,112-103,'IND',leads
82,82,82,201510290IND,24.9,3.2,1st quarter,11:08.0,Jordan Hill,IND,False,2-pointer,0,0-2,'IND',trails
83,83,83,201510290IND,16.4,27.7,1st quarter,10:54.0,George Hill,IND,False,3-pointer,25,0-2,'IND',trails
84,84,84,201510290IND,35.7,12.5,1st quarter,10:32.0,Paul George,IND,False,2-pointer,15,0-4,'IND',trails
85,85,85,201510290IND,24.0,3.1,1st quarter,9:57.0,Ian Mahinmi,IND,True,2-pointer,0,2-7,'IND',trails
86,86,86,201510290IND,33.6,25.8,1st quarter,9:28.0,Paul George,IND,False,3-pointer,24,2-7,'IND',trails
87,87,87,201510290IND,25.2,3.2,1st quarter,9:03.0,Monta Ellis,IND,False,2-pointer,1,2-7,'IND',trails
88,88,88,201510290IND,23.6,3.2,1st quarter,9:00.0,Ian Mahinmi,IND,True,2-pointer,0,4-7,'IND',trails
89,89,89,201510290IND,39.0,9.2,1st quarter,7:49.0,Monta Ellis,IND,False,2-pointer,16,6-11,'IND',trails
90,90,90,201510290IND,21.3,6.6,1st quarter,7:45.0,Ian Mahinmi,IND,False,2-pointer,4,6-11,'IND',trails
91,91,91,201510290IND,23.4,2.9,1st quarter,7:44.0,Jordan Hill,IND,False,2-pointer,0,6-11,'IND',trails
92,92,92,201510290IND,23.8,3.0,1st quarter,7:36.0,Jordan Hill,IND,False,2-pointer,0,6-11,'IND',trails
93,93,93,201510290IND,4.3,3.0,1st quarter,6:10.0,Monta Ellis,IND,False,2-pointer,19,7-15,'IND',trails
94,94,94,201510290IND,40.3,23.8,1st quarter,5:46.0,Monta Ellis,IND,False,3-pointer,26,7-15,'IND',trails
95,95,95,201510290IND,11.1,6.3,1st quarter,5:07.0,George Hill,IND,False,2-pointer,13,7-15,'IND',trails
96,96,96,201510290IND,-0.6,14.5,1st quarter,5:00.0,Paul George,IND,True,3-pointer,27,10-15,'IND',trails
97,97,97,201510290IND,40.8,15.6,1st quarter,4:26.0,Ian Mahinmi,IND,False,2-pointer,21,10-17,'IND',trails
98,98,98,201510290IND,12.3,17.6,1st quarter,3:58.0,George Hill,IND,False,2-pointer,18,10-19,'IND',trails
99,99,99,201510290IND,7.5,2.5,1st quarter,2:43.0,Myles Turner,IND,False,2-pointer,16,10-24,'IND',trails
100,100,100,201510290IND,4.9,20.8,1st quarter,2:07.0,C.J. Miles,IND,True,3-pointer,26,13-25,'IND',trails
101,101,101,201510290IND,22.8,3.7,1st quarter,1:21.0,Monta Ellis,IND,True,2-pointer,1,15-28,'IND',trails
102,102,102,201510290IND,29.0,26.7,1st quarter,1:02.0,Chase Budinger,IND,True,3-pointer,24,18-29,'IND',trails
103,103,103,201510290IND,21.8,3.2,1st quarter,0:43.0,Monta Ellis,IND,False,2-pointer,2,18-29,'IND',trails
104,104,104,201510290IND,24.0,3.1,1st quarter,0:42.0,Myles Turner,IND,True,2-pointer,0,20-29,'IND',trails
105,105,105,201510290IND,38.3,14.1,2nd quarter,11:38.0,Myles Turner,IND,True,2-pointer,18,22-29,'IND',trails
106,106,106,201510290IND,8.4,19.0,2nd quarter,11:01.0,C.J. Miles,IND,True,2-pointer,22,24-29,'IND',trails
107,107,107,201510290IND,32.1,29.4,2nd quarter,10:29.0,C.J. Miles,IND,False,3-pointer,27,24-29,'IND',trails
108,108,108,201510290IND,41.3,1.9,2nd quarter,9:58.0,Myles Turner,IND,True,2-pointer,17,26-29,'IND',trails
109,109,109,201510290IND,35.5,2.4,2nd quarter,9:19.0,Myles Turner,IND,False,2-pointer,11,26-31,'IND',trails
110,110,110,201510290IND,24.2,3.7,2nd quarter,8:50.0,Rodney Stuckey,IND,True,2-pointer,0,28-34,'IND',trails
111,111,111,201510290IND,24.1,3.0,2nd quarter,8:22.0,George Hill,IND,True,2-pointer,0,30-34,'IND',trails
112,112,112,201510290IND,33.9,24.4,2nd quarter,7:40.0,C.J. Miles,IND,True,2-pointer,23,32-36,'IND',trails
113,113,113,201510290IND,22.4,28.7,2nd quarter,7:04.0,Chase Budinger,IND,True,3-pointer,25,35-38,'IND',trails
114,114,114,201510290IND,25.2,3.2,2nd quarter,6:40.0,George Hill,IND,False,2-pointer,1,35-40,'IND',trails
115,115,115,201510290IND,21.8,29.7,2nd quarter,6:01.0,Rodney Stuckey,IND,False,3-pointer,26,35-40,'IND',trails
116,116,116,201510290IND,-0.3,2.0,2nd quarter,5:56.0,George Hill,IND,True,3-pointer,24,38-40,'IND',trails
117,117,117,201510290IND,22.6,2.9,2nd quarter,3:51.0,Rodney Stuckey,IND,True,2-pointer,1,40-42,'IND',trails
118,118,118,201510290IND,22.6,3.0,2nd quarter,3:19.0,Rodney Stuckey,IND,True,2-pointer,1,42-42,'IND',tied
119,119,119,201510290IND,24.1,4.6,2nd quarter,2:27.0,Ian Mahinmi,IND,True,2-pointer,1,45-44,'IND',leads
120,120,120,201510290IND,21.8,30.2,2nd quarter,1:56.0,Paul George,IND,False,3-pointer,27,45-44,'IND',leads
121,121,121,201510290IND,31.4,19.4,2nd quarter,1:28.0,Ian Mahinmi,IND,True,2-pointer,17,47-46,'IND',leads
122,122,122,201510290IND,5.6,10.0,2nd quarter,0:25.0,Jordan Hill,IND,True,2-pointer,19,49-48,'IND',leads
123,123,123,201510290IND,20.0,33.6,2nd quarter,0:00.0,George Hill,IND,False,3-pointer,30,49-50,'IND',trails
124,124,124,201510290IND,34.7,17.1,3rd quarter,11:39.0,Paul George,IND,True,2-pointer,17,51-50,'IND',leads
125,125,125,201510290IND,22.8,3.0,3rd quarter,10:38.0,Ian Mahinmi,IND,True,2-pointer,1,55-51,'IND',leads
126,126,126,201510290IND,43.9,19.5,3rd quarter,10:07.0,George Hill,IND,True,3-pointer,25,58-51,'IND',leads
127,127,127,201510290IND,39.3,22.8,3rd quarter,9:42.0,George Hill,IND,False,3-pointer,25,58-51,'IND',leads
128,128,128,201510290IND,25.5,22.3,3rd quarter,8:54.0,Jordan Hill,IND,True,2-pointer,19,60-53,'IND',leads
129,129,129,201510290IND,18.0,6.6,3rd quarter,8:18.0,Jordan Hill,IND,False,2-pointer,6,60-53,'IND',leads
130,130,130,201510290IND,10.5,26.9,3rd quarter,7:43.0,Paul George,IND,False,3-pointer,27,60-55,'IND',leads
131,131,131,201510290IND,-0.6,7.1,3rd quarter,7:14.0,Monta Ellis,IND,False,3-pointer,24,60-55,'IND',leads
132,132,132,201510290IND,44.9,18.9,3rd quarter,6:41.0,Paul George,IND,False,3-pointer,26,60-57,'IND',leads
133,133,133,201510290IND,29.5,13.0,3rd quarter,6:26.0,George Hill,IND,False,2-pointer,11,60-57,'IND',leads
134,134,134,201510290IND,23.4,3.0,3rd quarter,6:22.0,Paul George,IND,False,2-pointer,0,60-57,'IND',leads
135,135,135,201510290IND,48.0,5.1,3rd quarter,6:14.0,George Hill,IND,True,3-pointer,24,63-57,'IND',leads
136,136,136,201510290IND,42.7,20.4,3rd quarter,5:03.0,George Hill,IND,False,3-pointer,25,63-59,'IND',leads
137,137,137,201510290IND,22.6,2.5,3rd quarter,3:59.0,Paul George,IND,True,2-pointer,1,65-61,'IND',leads
138,138,138,201510290IND,44.4,21.3,3rd quarter,3:30.0,C.J. Miles,IND,True,3-pointer,27,68-63,'IND',leads
139,139,139,201510290IND,42.2,23.3,3rd quarter,3:05.0,C.J. Miles,IND,True,3-pointer,27,71-63,'IND',leads
140,140,140,201510290IND,15.2,17.4,3rd quarter,2:17.0,Rodney Stuckey,IND,True,2-pointer,16,73-65,'IND',leads
141,141,141,201510290IND,46.8,1.1,3rd quarter,0:47.0,Chase Budinger,IND,False,3-pointer,22,75-71,'IND',leads
142,142,142,201510290IND,24.4,4.3,3rd quarter,0:03.0,Rodney Stuckey,IND,False,2-pointer,1,75-73,'IND',leads
143,143,143,201510290IND,23.6,3.2,4th quarter,11:31.0,Monta Ellis,IND,False,2-pointer,0,75-75,'IND',tied
144,144,144,201510290IND,24.6,29.2,4th quarter,11:02.0,C.J. Miles,IND,True,3-pointer,26,78-77,'IND',leads
145,145,145,201510290IND,21.5,19.0,4th quarter,10:26.0,Monta Ellis,IND,True,2-pointer,16,80-80,'IND',tied
146,146,146,201510290IND,23.6,22.8,4th quarter,9:48.0,Myles Turner,IND,True,2-pointer,19,83-82,'IND',leads
147,147,147,201510290IND,16.4,20.5,4th quarter,9:10.0,Paul George,IND,True,2-pointer,19,85-85,'IND',tied
148,148,148,201510290IND,33.9,14.6,4th quarter,8:18.0,Monta Ellis,IND,False,2-pointer,15,85-87,'IND',trails
149,149,149,201510290IND,22.9,29.2,4th quarter,7:05.0,C.J. Miles,IND,False,3-pointer,26,86-92,'IND',trails
150,150,150,201510290IND,23.6,4.6,4th quarter,6:29.0,George Hill,IND,True,2-pointer,1,90-92,'IND',trails
151,151,151,201510290IND,43.1,21.3,4th quarter,5:58.0,Paul George,IND,True,3-pointer,26,93-92,'IND',leads
152,152,152,201510290IND,25.0,3.2,4th quarter,5:22.0,Paul George,IND,False,2-pointer,1,93-94,'IND',trails
153,153,153,201510290IND,22.4,3.3,4th quarter,3:31.0,Paul George,IND,False,2-pointer,1,96-96,'IND',tied
154,154,154,201510290IND,24.4,29.7,4th quarter,3:04.0,Paul George,IND,False,3-pointer,26,96-99,'IND',trails
155,155,155,201510290IND,9.5,24.8,4th quarter,2:29.0,Monta Ellis,IND,True,3-pointer,26,99-101,'IND',trails
156,156,156,201510290IND,41.7,19.9,4th quarter,1:51.0,Monta Ellis,IND,False,3-pointer,24,99-103,'IND',trails
157,157,157,201510290IND,22.8,3.2,4th quarter,0:47.0,George Hill,IND,True,2-pointer,1,103-110,'IND',trails
158,158,158,201510290IND,43.7,19.0,4th quarter,0:33.0,Paul George,IND,False,3-pointer,25,103-110,'IND',trails
159,159,159,201510290IND,16.1,31.7,4th quarter,0:20.0,George Hill,IND,False,3-pointer,29,103-112,'IND',trails
160,160,160,201510290LAC,25.4,4.1,1st quarter,11:22.0,Raymond Felton,DAL,False,2-pointer,1,0-2,'DAL',trails
161,161,161,201510290LAC,22.0,22.0,1st quarter,11:17.0,Zaza Pachulia,DAL,False,2-pointer,19,0-2,'DAL',trails
162,162,162,201510290LAC,23.1,28.4,1st quarter,10:47.0,Dirk Nowitzki,DAL,False,3-pointer,25,0-2,'DAL',trails
163,163,163,201510290LAC,6.9,15.9,1st quarter,10:40.0,John Jenkins,DAL,True,2-pointer,21,2-2,'DAL',tied
164,164,164,201510290LAC,24.1,15.9,1st quarter,10:16.0,Raymond Felton,DAL,True,2-pointer,12,4-2,'DAL',leads
165,165,165,201510290LAC,30.4,17.4,1st quarter,9:53.0,Raymond Felton,DAL,True,2-pointer,15,6-3,'DAL',leads
166,166,166,201510290LAC,8.9,26.4,1st quarter,8:43.0,Raymond Felton,DAL,False,3-pointer,27,6-5,'DAL',leads
167,167,167,201510290LAC,13.9,20.8,1st quarter,8:02.0,John Jenkins,DAL,False,2-pointer,20,6-7,'DAL',trails
168,168,168,201510290LAC,22.1,17.5,1st quarter,7:11.0,Dwight Powell,DAL,True,2-pointer,15,8-9,'DAL',trails
169,169,169,201510290LAC,40.9,1.4,1st quarter,6:14.0,Dirk Nowitzki,DAL,False,2-pointer,16,9-14,'DAL',trails
170,170,170,201510290LAC,20.0,3.2,1st quarter,5:44.0,Charlie Villanueva,DAL,False,2-pointer,4,9-16,'DAL',trails
171,171,171,201510290LAC,25.7,5.6,1st quarter,5:14.0,J.J. Barea,DAL,False,2-pointer,3,9-16,'DAL',trails
172,172,172,201510290LAC,-1.0,3.2,1st quarter,4:51.0,Justin Anderson,DAL,False,3-pointer,25,9-16,'DAL',trails
173,173,173,201510290LAC,20.5,7.6,1st quarter,4:20.0,Justin Anderson,DAL,False,2-pointer,5,9-16,'DAL',trails
174,174,174,201510290LAC,38.1,23.3,1st quarter,4:14.0,Charlie Villanueva,DAL,False,3-pointer,24,9-16,'DAL',trails
175,175,175,201510290LAC,35.4,26.9,1st quarter,3:45.0,Devin Harris,DAL,False,3-pointer,26,9-18,'DAL',trails
176,176,176,201510290LAC,30.4,14.5,1st quarter,3:37.0,J.J. Barea,DAL,True,2-pointer,13,11-18,'DAL',trails
177,177,177,201510290LAC,36.5,17.8,1st quarter,3:10.0,Dwight Powell,DAL,False,2-pointer,19,11-18,'DAL',trails
178,178,178,201510290LAC,22.1,21.1,1st quarter,2:46.0,Dwight Powell,DAL,True,2-pointer,18,13-18,'DAL',trails
179,179,179,201510290LAC,41.3,3.6,1st quarter,2:18.0,Dwight Powell,DAL,False,2-pointer,17,13-18,'DAL',trails
180,180,180,201510290LAC,17.7,11.2,1st quarter,1:48.0,Devin Harris,DAL,False,2-pointer,10,13-21,'DAL',trails
181,181,181,201510290LAC,16.4,27.4,1st quarter,1:29.0,Charlie Villanueva,DAL,False,3-pointer,25,13-21,'DAL',trails
182,182,182,201510290LAC,20.8,5.6,1st quarter,0:05.0,J.J. Barea,DAL,False,2-pointer,4,17-22,'DAL',trails
183,183,183,201510290LAC,9.7,4.8,2nd quarter,11:18.0,Zaza Pachulia,DAL,False,2-pointer,14,17-22,'DAL',trails
184,184,184,201510290LAC,25.0,4.1,2nd quarter,11:09.0,J.J. Barea,DAL,False,2-pointer,1,17-22,'DAL',trails
185,185,185,201510290LAC,24.9,5.1,2nd quarter,10:45.0,Devin Harris,DAL,True,2-pointer,2,19-24,'DAL',trails
186,186,186,201510290LAC,22.9,8.1,2nd quarter,10:13.0,John Jenkins,DAL,True,2-pointer,5,21-27,'DAL',trails
187,187,187,201510290LAC,26.2,4.8,2nd quarter,9:41.0,Devin Harris,DAL,True,2-pointer,2,23-27,'DAL',trails
188,188,188,201510290LAC,24.0,3.1,2nd quarter,9:11.0,Zaza Pachulia,DAL,True,2-pointer,0,25-29,'DAL',trails
189,189,189,201510290LAC,12.3,3.2,2nd quarter,8:29.0,Dirk Nowitzki,DAL,False,2-pointer,11,25-29,'DAL',trails
190,190,190,201510290LAC,46.5,2.4,2nd quarter,7:57.0,J.J. Barea,DAL,True,3-pointer,22,28-29,'DAL',trails
191,191,191,201510290LAC,21.5,5.6,2nd quarter,7:28.0,J.J. Barea,DAL,False,2-pointer,3,28-32,'DAL',trails
192,192,192,201510290LAC,21.1,5.1,2nd quarter,7:01.0,Dirk Nowitzki,DAL,True,2-pointer,3,30-34,'DAL',trails
193,193,193,201510290LAC,12.0,13.0,2nd quarter,6:41.0,Dirk Nowitzki,DAL,True,2-pointer,15,32-34,'DAL',trails
194,194,194,201510290LAC,34.1,27.2,2nd quarter,6:10.0,Dirk Nowitzki,DAL,False,3-pointer,26,32-34,'DAL',trails
195,195,195,201510290LAC,36.7,24.9,2nd quarter,4:54.0,Jeremy Evans,DAL,False,3-pointer,25,32-39,'DAL',trails
196,196,196,201510290LAC,4.9,23.5,2nd quarter,4:36.0,Charlie Villanueva,DAL,False,3-pointer,28,32-39,'DAL',trails
197,197,197,201510290LAC,16.1,19.4,2nd quarter,4:27.0,John Jenkins,DAL,False,2-pointer,18,32-39,'DAL',trails
198,198,198,201510290LAC,23.0,21.2,2nd quarter,3:47.0,Dwight Powell,DAL,False,2-pointer,18,32-41,'DAL',trails
199,199,199,201510290LAC,22.4,7.1,2nd quarter,2:45.0,Dirk Nowitzki,DAL,False,2-pointer,4,32-43,'DAL',trails
200,200,200,201510290LAC,24.9,3.3,2nd quarter,2:35.0,Dirk Nowitzki,DAL,True,2-pointer,0,34-43,'DAL',trails
201,201,201,201510290LAC,31.4,27.9,2nd quarter,1:55.0,J.J. Barea,DAL,False,3-pointer,25,34-45,'DAL',trails
202,202,202,201510290LAC,43.7,5.1,2nd quarter,1:20.0,Dirk Nowitzki,DAL,False,2-pointer,19,36-46,'DAL',trails
203,203,203,201510290LAC,15.6,8.6,2nd quarter,1:02.0,Dirk Nowitzki,DAL,True,2-pointer,10,38-48,'DAL',trails
204,204,204,201510290LAC,-0.6,2.4,2nd quarter,0:34.0,Devin Harris,DAL,True,3-pointer,24,41-49,'DAL',trails
205,205,205,201510290LAC,21.5,4.8,2nd quarter,0:23.0,J.J. Barea,DAL,False,2-pointer,3,41-49,'DAL',trails
206,206,206,201510290LAC,24.8,4.3,2nd quarter,0:21.0,Dwight Powell,DAL,True,2-pointer,2,43-49,'DAL',trails
207,207,207,201510290LAC,25.7,4.3,3rd quarter,11:46.0,Raymond Felton,DAL,False,2-pointer,2,43-51,'DAL',trails
208,208,208,201510290LAC,-0.6,1.1,3rd quarter,11:25.0,J.J. Barea,DAL,True,3-pointer,24,46-51,'DAL',trails
209,209,209,201510290LAC,47.2,1.4,3rd quarter,10:51.0,Devin Harris,DAL,False,3-pointer,23,46-53,'DAL',trails
210,210,210,201510290LAC,7.1,22.8,3rd quarter,10:28.0,Devin Harris,DAL,True,3-pointer,26,49-53,'DAL',trails
211,211,211,201510290LAC,24.9,6.6,3rd quarter,9:59.0,Devin Harris,DAL,False,2-pointer,3,49-55,'DAL',trails
212,212,212,201510290LAC,35.0,11.5,3rd quarter,9:25.0,Dirk Nowitzki,DAL,False,2-pointer,13,50-55,'DAL',trails
213,213,213,201510290LAC,26.2,5.6,3rd quarter,8:57.0,Raymond Felton,DAL,False,2-pointer,3,50-57,'DAL',trails
214,214,214,201510290LAC,10.5,12.5,3rd quarter,8:35.0,Dirk Nowitzki,DAL,True,2-pointer,16,52-57,'DAL',trails
215,215,215,201510290LAC,32.6,5.3,3rd quarter,7:53.0,Dirk Nowitzki,DAL,False,2-pointer,8,52-59,'DAL',trails
216,216,216,201510290LAC,24.2,8.1,3rd quarter,7:47.0,Zaza Pachulia,DAL,False,2-pointer,5,52-59,'DAL',trails
217,217,217,201510290LAC,13.1,28.4,3rd quarter,7:22.0,John Jenkins,DAL,False,3-pointer,27,52-61,'DAL',trails
218,218,218,201510290LAC,10.3,5.3,3rd quarter,6:44.0,John Jenkins,DAL,True,2-pointer,13,54-64,'DAL',trails
219,219,219,201510290LAC,41.1,22.0,3rd quarter,6:15.0,Devin Harris,DAL,False,3-pointer,25,54-64,'DAL',trails
220,220,220,201510290LAC,-0.6,1.9,3rd quarter,6:06.0,Raymond Felton,DAL,False,3-pointer,24,54-64,'DAL',trails
221,221,221,201510290LAC,25.9,29.7,3rd quarter,6:01.0,John Jenkins,DAL,False,3-pointer,26,54-64,'DAL',trails
222,222,222,201510290LAC,26.0,28.7,3rd quarter,5:57.0,Dirk Nowitzki,DAL,True,3-pointer,25,57-64,'DAL',trails
223,223,223,201510290LAC,19.8,4.6,3rd quarter,5:18.0,Raymond Felton,DAL,False,2-pointer,4,57-64,'DAL',trails
224,224,224,201510290LAC,25.9,8.6,3rd quarter,4:52.0,Zaza Pachulia,DAL,False,2-pointer,5,57-66,'DAL',trails
225,225,225,201510290LAC,25.5,3.9,3rd quarter,4:44.0,Zaza Pachulia,DAL,False,2-pointer,1,57-66,'DAL',trails
226,226,226,201510290LAC,23.8,28.9,3rd quarter,4:44.0,Charlie Villanueva,DAL,False,3-pointer,25,57-66,'DAL',trails
227,227,227,201510290LAC,24.9,20.8,3rd quarter,4:26.0,Zaza Pachulia,DAL,False,2-pointer,17,57-68,'DAL',trails
228,228,228,201510290LAC,25.2,5.8,3rd quarter,4:06.0,Zaza Pachulia,DAL,True,2-pointer,3,59-68,'DAL',trails
229,229,229,201510290LAC,34.4,14.1,3rd quarter,3:36.0,Raymond Felton,DAL,False,2-pointer,15,59-71,'DAL',trails
230,230,230,201510290LAC,23.4,12.7,3rd quarter,3:05.0,John Jenkins,DAL,True,2-pointer,9,61-72,'DAL',trails
231,231,231,201510290LAC,6.8,2.3,3rd quarter,2:34.0,Dwight Powell,DAL,True,2-pointer,17,63-73,'DAL',trails
232,232,232,201510290LAC,12.8,18.1,3rd quarter,1:59.0,John Jenkins,DAL,True,2-pointer,18,65-75,'DAL',trails
233,233,233,201510290LAC,20.6,4.1,3rd quarter,1:11.0,J.J. Barea,DAL,True,2-pointer,3,68-79,'DAL',trails
234,234,234,201510290LAC,20.6,4.6,4th quarter,11:24.0,Dirk Nowitzki,DAL,False,2-pointer,3,68-85,'DAL',trails
235,235,235,201510290LAC,24.0,4.8,4th quarter,10:43.0,John Jenkins,DAL,True,2-pointer,1,70-87,'DAL',trails
236,236,236,201510290LAC,12.3,28.2,4th quarter,10:15.0,John Jenkins,DAL,False,3-pointer,27,71-90,'DAL',trails
237,237,237,201510290LAC,34.9,27.7,4th quarter,9:47.0,Devin Harris,DAL,False,3-pointer,26,71-92,'DAL',trails
238,238,238,201510290LAC,18.5,22.5,4th quarter,9:26.0,John Jenkins,DAL,False,2-pointer,20,71-92,'DAL',trails
239,239,239,201510290LAC,23.9,11.5,4th quarter,8:57.0,John Jenkins,DAL,False,2-pointer,8,71-94,'DAL',trails
240,240,240,201510290LAC,25.4,5.8,4th quarter,8:05.0,Justin Anderson,DAL,False,2-pointer,3,71-94,'DAL',trails
241,241,241,201510290LAC,39.5,23.0,4th quarter,7:37.0,Justin Anderson,DAL,True,3-pointer,25,74-96,'DAL',trails
242,242,242,201510290LAC,39.6,22.0,4th quarter,6:55.0,Justin Anderson,DAL,False,3-pointer,24,74-98,'DAL',trails
243,243,243,201510290LAC,16.2,18.6,4th quarter,6:29.0,Dwight Powell,DAL,False,2-pointer,17,74-100,'DAL',trails
244,244,244,201510290LAC,20.6,7.3,4th quarter,6:07.0,Charlie Villanueva,DAL,True,2-pointer,5,76-102,'DAL',trails
245,245,245,201510290LAC,39.6,23.0,4th quarter,5:30.0,Charlie Villanueva,DAL,False,3-pointer,25,76-102,'DAL',trails
246,246,246,201510290LAC,10.7,19.4,4th quarter,4:48.0,Salah Mejri,DAL,False,2-pointer,21,76-102,'DAL',trails
247,247,247,201510290LAC,24.0,3.1,4th quarter,4:26.0,Charlie Villanueva,DAL,True,2-pointer,0,78-102,'DAL',trails
248,248,248,201510290LAC,33.9,10.5,4th quarter,3:45.0,Charlie Villanueva,DAL,False,2-pointer,12,78-102,'DAL',trails
249,249,249,201510290LAC,8.9,25.9,4th quarter,3:39.0,Justin Anderson,DAL,False,3-pointer,27,78-102,'DAL',trails
250,250,250,201510290LAC,24.9,5.8,4th quarter,3:18.0,Charlie Villanueva,DAL,True,2-pointer,2,80-102,'DAL',trails
251,251,251,201510290LAC,26.4,29.9,4th quarter,2:56.0,Justin Anderson,DAL,False,3-pointer,27,80-102,'DAL',trails
252,252,252,201510290LAC,40.3,23.0,4th quarter,2:31.0,John Jenkins,DAL,False,3-pointer,25,80-102,'DAL',trails
253,253,253,201510290LAC,25.2,5.6,4th quarter,2:08.0,John Jenkins,DAL,True,2-pointer,2,82-102,'DAL',trails
254,254,254,201510290LAC,36.8,27.9,4th quarter,1:00.0,Charlie Villanueva,DAL,False,3-pointer,27,84-102,'DAL',trails
255,255,255,201510290LAC,32.6,17.9,4th quarter,0:34.0,John Jenkins,DAL,True,2-pointer,17,86-102,'DAL',trails
256,256,256,201510290LAC,24.0,3.1,4th quarter,0:08.0,Justin Anderson,DAL,True,2-pointer,0,88-104,'DAL',trails
257,257,257,201510290LAC,5.4,14.2,1st quarter,11:40.0,J.J. Redick,LAC,True,2-pointer,21,2-0,'DAL',leads
258,258,258,201510290LAC,14.9,18.9,1st quarter,11:09.0,Blake Griffin,LAC,False,2-pointer,18,2-0,'DAL',leads
259,259,259,201510290LAC,22.8,5.8,1st quarter,10:28.0,J.J. Redick,LAC,False,2-pointer,3,2-2,'DAL',tied
260,260,260,201510290LAC,9.3,25.4,1st quarter,9:47.0,Chris Paul,LAC,False,3-pointer,26,3-6,'DAL',trails
261,261,261,201510290LAC,29.1,19.8,1st quarter,9:33.0,Lance Stephenson,LAC,False,2-pointer,18,3-6,'DAL',trails
262,262,262,201510290LAC,24.0,3.1,1st quarter,9:10.0,DeAndre Jordan,LAC,True,2-pointer,0,5-6,'DAL',trails
263,263,263,201510290LAC,24.0,3.1,1st quarter,8:17.0,Blake Griffin,LAC,True,2-pointer,0,7-6,'DAL',leads
264,264,264,201510290LAC,21.0,4.8,1st quarter,6:52.0,Blake Griffin,LAC,True,2-pointer,3,11-8,'DAL',leads
265,265,265,201510290LAC,8.7,25.9,1st quarter,6:31.0,J.J. Redick,LAC,True,3-pointer,27,14-9,'DAL',leads
266,266,266,201510290LAC,37.0,25.3,1st quarter,5:38.0,Paul Pierce,LAC,False,3-pointer,25,16-9,'DAL',leads
267,267,267,201510290LAC,23.6,19.9,1st quarter,4:40.0,Blake Griffin,LAC,False,2-pointer,16,16-9,'DAL',leads
268,268,268,201510290LAC,32.1,27.7,1st quarter,4:28.0,J.J. Redick,LAC,False,3-pointer,25,16-9,'DAL',leads
269,269,269,201510290LAC,36.8,14.1,1st quarter,3:53.0,Jamal Crawford,LAC,True,2-pointer,16,18-9,'DAL',leads
270,270,270,201510290LAC,38.0,4.3,1st quarter,2:59.0,Jamal Crawford,LAC,False,2-pointer,14,18-11,'DAL',leads
271,271,271,201510290LAC,21.0,4.1,1st quarter,2:30.0,Austin Rivers,LAC,False,2-pointer,3,18-13,'DAL',leads
272,272,272,201510290LAC,21.3,6.3,1st quarter,2:07.0,Jamal Crawford,LAC,True,2-pointer,4,20-13,'DAL',leads
273,273,273,201510290LAC,38.0,26.4,1st quarter,1:40.0,Josh Smith,LAC,False,3-pointer,27,21-13,'DAL',leads
274,274,274,201510290LAC,47.6,1.9,1st quarter,1:21.0,Paul Pierce,LAC,False,3-pointer,23,21-13,'DAL',leads
275,275,275,201510290LAC,35.2,6.6,1st quarter,1:01.0,Jamal Crawford,LAC,False,2-pointer,11,21-15,'DAL',leads
276,276,276,201510290LAC,22.6,30.7,1st quarter,0:28.0,Jamal Crawford,LAC,False,3-pointer,27,22-17,'DAL',leads
277,277,277,201510290LAC,37.0,25.2,1st quarter,0:01.0,Jamal Crawford,LAC,False,3-pointer,25,22-17,'DAL',leads
278,278,278,201510290LAC,20.3,14.1,2nd quarter,11:36.0,Paul Pierce,LAC,False,2-pointer,11,22-17,'DAL',leads
279,279,279,201510290LAC,26.5,5.1,2nd quarter,10:49.0,Jamal Crawford,LAC,True,2-pointer,3,24-17,'DAL',leads
280,280,280,201510290LAC,-0.5,3.3,2nd quarter,10:30.0,Jamal Crawford,LAC,True,3-pointer,24,27-19,'DAL',leads
281,281,281,201510290LAC,24.9,4.8,2nd quarter,9:58.0,Josh Smith,LAC,False,2-pointer,2,27-21,'DAL',leads
282,282,282,201510290LAC,25.0,4.1,2nd quarter,9:24.0,Austin Rivers,LAC,True,2-pointer,1,29-23,'DAL',leads
283,283,283,201510290LAC,9.5,15.4,2nd quarter,8:58.0,Blake Griffin,LAC,False,2-pointer,19,29-25,'DAL',leads
284,284,284,201510290LAC,23.8,4.8,2nd quarter,8:42.0,Austin Rivers,LAC,False,2-pointer,1,29-25,'DAL',leads
285,285,285,201510290LAC,47.5,6.6,2nd quarter,8:12.0,Wesley Johnson,LAC,False,3-pointer,23,29-25,'DAL',leads
286,286,286,201510290LAC,9.7,27.2,2nd quarter,7:41.0,Jamal Crawford,LAC,True,3-pointer,28,32-28,'DAL',leads
287,287,287,201510290LAC,25.7,5.1,2nd quarter,7:21.0,Blake Griffin,LAC,True,2-pointer,2,34-28,'DAL',leads
288,288,288,201510290LAC,33.9,27.2,2nd quarter,6:53.0,Chris Paul,LAC,False,3-pointer,26,34-30,'DAL',leads
289,289,289,201510290LAC,20.3,22.0,2nd quarter,6:18.0,J.J. Redick,LAC,False,2-pointer,19,34-32,'DAL',leads
290,290,290,201510290LAC,42.9,20.8,2nd quarter,5:59.0,J.J. Redick,LAC,True,3-pointer,25,37-32,'DAL',leads
291,291,291,201510290LAC,37.5,24.8,2nd quarter,5:23.0,Chris Paul,LAC,False,3-pointer,25,37-32,'DAL',leads
292,292,292,201510290LAC,24.0,3.1,2nd quarter,5:05.0,Blake Griffin,LAC,True,2-pointer,0,39-32,'DAL',leads
293,293,293,201510290LAC,33.4,16.1,2nd quarter,4:17.0,Chris Paul,LAC,False,2-pointer,16,39-32,'DAL',leads
294,294,294,201510290LAC,23.4,7.6,2nd quarter,3:58.0,Blake Griffin,LAC,True,2-pointer,4,41-32,'DAL',leads
295,295,295,201510290LAC,26.8,10.2,2nd quarter,3:34.0,Blake Griffin,LAC,False,2-pointer,7,41-32,'DAL',leads
296,296,296,201510290LAC,24.2,5.3,2nd quarter,3:10.0,Chris Paul,LAC,True,2-pointer,2,43-32,'DAL',leads
297,297,297,201510290LAC,24.0,3.1,2nd quarter,2:24.0,DeAndre Jordan,LAC,True,2-pointer,0,45-34,'DAL',leads
298,298,298,201510290LAC,16.2,22.8,2nd quarter,1:43.0,Blake Griffin,LAC,False,2-pointer,21,45-34,'DAL',leads
299,299,299,201510290LAC,34.7,15.4,2nd quarter,0:00.0,Chris Paul,LAC,True,2-pointer,16,51-43,'DAL',leads
300,300,300,201510290LAC,32.4,20.4,3rd quarter,11:04.0,Blake Griffin,LAC,True,2-pointer,19,53-46,'DAL',leads
301,301,301,201510290LAC,23.8,22.8,3rd quarter,10:39.0,Blake Griffin,LAC,False,2-pointer,19,53-46,'DAL',leads
302,302,302,201510290LAC,11.5,17.9,3rd quarter,10:13.0,J.J. Redick,LAC,True,2-pointer,19,55-49,'DAL',leads
303,303,303,201510290LAC,12.0,18.4,3rd quarter,9:41.0,J.J. Redick,LAC,False,2-pointer,19,55-50,'DAL',leads
304,304,304,201510290LAC,24.9,24.3,3rd quarter,9:09.0,Blake Griffin,LAC,True,2-pointer,21,57-50,'DAL',leads
305,305,305,201510290LAC,46.1,5.3,3rd quarter,8:46.0,Lance Stephenson,LAC,False,3-pointer,22,57-50,'DAL',leads
306,306,306,201510290LAC,1.8,3.6,3rd quarter,8:10.0,Lance Stephenson,LAC,False,3-pointer,22,57-52,'DAL',leads
307,307,307,201510290LAC,24.0,3.1,3rd quarter,8:06.0,Blake Griffin,LAC,True,2-pointer,0,59-52,'DAL',leads
308,308,308,201510290LAC,17.7,20.4,3rd quarter,7:37.0,Blake Griffin,LAC,True,2-pointer,18,61-52,'DAL',leads
309,309,309,201510290LAC,28.1,26.4,3rd quarter,7:02.0,Lance Stephenson,LAC,True,3-pointer,24,64-52,'DAL',leads
310,310,310,201510290LAC,20.4,27.7,3rd quarter,6:23.0,Lance Stephenson,LAC,False,3-pointer,25,64-54,'DAL',leads
311,311,311,201510290LAC,25.9,23.3,3rd quarter,5:33.0,Chris Paul,LAC,False,2-pointer,20,64-57,'DAL',leads
312,312,312,201510290LAC,24.0,3.1,3rd quarter,5:13.0,Blake Griffin,LAC,True,2-pointer,0,66-57,'DAL',leads
313,313,313,201510290LAC,19.0,14.5,3rd quarter,4:37.0,Blake Griffin,LAC,True,2-pointer,12,68-57,'DAL',leads
314,314,314,201510290LAC,0.0,1.9,3rd quarter,4:17.0,J.J. Redick,LAC,False,3-pointer,24,68-57,'DAL',leads
315,315,315,201510290LAC,-0.5,6.6,3rd quarter,3:48.0,Chris Paul,LAC,True,3-pointer,24,71-59,'DAL',leads
316,316,316,201510290LAC,24.0,3.1,3rd quarter,2:19.0,Wesley Johnson,LAC,True,2-pointer,0,75-63,'DAL',leads
317,317,317,201510290LAC,16.9,11.0,3rd quarter,1:26.0,Paul Pierce,LAC,True,2-pointer,10,79-66,'DAL',leads
318,318,318,201510290LAC,18.5,13.0,3rd quarter,0:19.0,Paul Pierce,LAC,False,2-pointer,11,82-68,'DAL',leads
319,319,319,201510290LAC,34.2,26.7,3rd quarter,0:01.0,Austin Rivers,LAC,True,3-pointer,25,85-68,'DAL',leads
320,320,320,201510290LAC,9.3,25.4,4th quarter,11:45.0,Paul Pierce,LAC,False,3-pointer,26,85-68,'DAL',leads
321,321,321,201510290LAC,21.8,4.8,4th quarter,11:00.0,Austin Rivers,LAC,True,2-pointer,2,87-68,'DAL',leads
322,322,322,201510290LAC,19.0,29.2,4th quarter,10:30.0,Austin Rivers,LAC,True,3-pointer,26,90-71,'DAL',leads
323,323,323,201510290LAC,21.6,5.1,4th quarter,10:08.0,Wesley Johnson,LAC,True,2-pointer,3,92-71,'DAL',leads
324,324,324,201510290LAC,23.4,5.6,4th quarter,9:12.0,Josh Smith,LAC,False,2-pointer,2,92-71,'DAL',leads
325,325,325,201510290LAC,23.4,5.6,4th quarter,9:12.0,Josh Smith,LAC,False,2-pointer,2,92-71,'DAL',leads
326,326,326,201510290LAC,23.4,5.6,4th quarter,9:12.0,Josh Smith,LAC,True,2-pointer,2,94-71,'DAL',leads
327,327,327,201510290LAC,25.5,5.6,4th quarter,8:44.0,Jamal Crawford,LAC,False,2-pointer,3,94-71,'DAL',leads
328,328,328,201510290LAC,42.7,22.0,4th quarter,8:17.0,Austin Rivers,LAC,False,3-pointer,26,94-71,'DAL',leads
329,329,329,201510290LAC,14.6,21.3,4th quarter,7:54.0,Jamal Crawford,LAC,True,2-pointer,20,96-71,'DAL',leads
330,330,330,201510290LAC,33.9,26.7,4th quarter,7:17.0,Wesley Johnson,LAC,False,3-pointer,25,96-74,'DAL',leads
331,331,331,201510290LAC,39.6,3.3,4th quarter,6:44.0,Wesley Johnson,LAC,True,2-pointer,15,100-74,'DAL',leads
332,332,332,201510290LAC,23.6,5.1,4th quarter,6:18.0,Cole Aldrich,LAC,True,2-pointer,2,102-74,'DAL',leads
333,333,333,201510290LAC,21.1,4.1,4th quarter,5:42.0,Pablo Prigioni,LAC,False,2-pointer,3,102-76,'DAL',leads
334,334,334,201510290LAC,24.9,9.1,4th quarter,5:11.0,Cole Aldrich,LAC,False,2-pointer,6,102-76,'DAL',leads
335,335,335,201510290LAC,30.4,26.7,4th quarter,4:09.0,Pablo Prigioni,LAC,False,3-pointer,24,102-78,'DAL',leads
336,336,336,201510290LAC,3.1,20.5,4th quarter,4:04.0,Austin Rivers,LAC,False,3-pointer,27,102-78,'DAL',leads
337,337,337,201510290LAC,7.4,26.7,4th quarter,3:01.0,Pablo Prigioni,LAC,False,3-pointer,28,102-80,'DAL',leads
338,338,338,201510290LAC,23.9,3.2,4th quarter,2:46.0,Austin Rivers,LAC,False,2-pointer,0,102-80,'DAL',leads
339,339,339,201510290LAC,3.5,23.5,4th quarter,2:20.0,Pablo Prigioni,LAC,False,3-pointer,28,102-80,'DAL',leads
340,340,340,201510290LAC,7.5,23.5,4th quarter,1:53.0,Wesley Johnson,LAC,False,3-pointer,26,102-82,'DAL',leads
341,341,341,201510290LAC,5.4,23.5,4th quarter,1:21.0,Wesley Johnson,LAC,False,3-pointer,27,102-84,'DAL',leads
342,342,342,201510290LAC,26.8,15.0,4th quarter,0:43.0,Luc Mbah,LAC,False,2-pointer,12,102-84,'DAL',leads
343,343,343,201510290LAC,9.8,16.9,4th quarter,0:12.0,Austin Rivers,LAC,True,2-pointer,19,104-86,'DAL',leads
344,344,344,201510290NYK,30.8,9.7,1st quarter,11:46.0,Paul Millsap,ATL,False,2-pointer,9,0-0,'NYK',tied
345,345,345,201510290NYK,21.3,3.0,1st quarter,11:23.0,Kent Bazemore,ATL,True,2-pointer,2,2-0,'NYK',leads
346,346,346,201510290NYK,7.2,10.0,1st quarter,10:34.0,Jeff Teague,ATL,False,2-pointer,18,2-4,'NYK',trails
347,347,347,201510290NYK,43.4,19.9,1st quarter,10:05.0,Kyle Korver,ATL,True,3-pointer,25,5-6,'NYK',trails
348,348,348,201510290NYK,27.7,7.1,1st quarter,9:30.0,Paul Millsap,ATL,False,2-pointer,5,5-6,'NYK',trails
349,349,349,201510290NYK,43.4,18.9,1st quarter,9:08.0,Kyle Korver,ATL,False,3-pointer,25,5-6,'NYK',trails
350,350,350,201510290NYK,21.6,4.1,1st quarter,8:15.0,Al Horford,ATL,True,2-pointer,2,7-6,'NYK',leads
351,351,351,201510290NYK,35.0,24.8,1st quarter,7:51.0,Al Horford,ATL,True,3-pointer,24,10-9,'NYK',leads
352,352,352,201510290NYK,5.3,18.4,1st quarter,7:30.0,Al Horford,ATL,True,3-pointer,24,13-9,'NYK',leads
353,353,353,201510290NYK,25.9,6.1,1st quarter,7:02.0,Paul Millsap,ATL,False,2-pointer,3,13-11,'NYK',leads
354,354,354,201510290NYK,43.4,18.1,1st quarter,6:57.0,Jeff Teague,ATL,False,3-pointer,24,13-11,'NYK',leads
355,355,355,201510290NYK,23.1,3.3,1st quarter,6:10.0,Tiago Splitter,ATL,True,2-pointer,0,17-13,'NYK',leads
356,356,356,201510290NYK,9.0,16.9,1st quarter,5:14.0,Jeff Teague,ATL,False,2-pointer,20,17-13,'NYK',leads
357,357,357,201510290NYK,-0.3,-0.1,1st quarter,4:48.0,Jeff Teague,ATL,False,3-pointer,24,17-15,'NYK',leads
358,358,358,201510290NYK,45.0,16.1,1st quarter,4:40.0,Kyle Korver,ATL,False,3-pointer,24,17-15,'NYK',leads
359,359,359,201510290NYK,25.2,3.2,1st quarter,4:11.0,Paul Millsap,ATL,True,2-pointer,1,19-18,'NYK',leads
360,360,360,201510290NYK,10.0,6.1,1st quarter,3:38.0,Kyle Korver,ATL,True,2-pointer,14,21-18,'NYK',leads
361,361,361,201510290NYK,24.0,3.1,1st quarter,2:30.0,Justin Holiday,ATL,True,2-pointer,0,23-18,'NYK',leads
362,362,362,201510290NYK,20.3,5.8,1st quarter,1:56.0,Tiago Splitter,ATL,False,2-pointer,4,23-18,'NYK',leads
363,363,363,201510290NYK,9.7,5.1,1st quarter,1:40.0,Dennis Schröder,ATL,True,2-pointer,14,25-20,'NYK',leads
364,364,364,201510290NYK,45.3,15.4,1st quarter,1:04.0,Lamar Patterson,ATL,True,3-pointer,24,28-20,'NYK',leads
365,365,365,201510290NYK,25.5,6.1,1st quarter,0:21.0,Dennis Schröder,ATL,True,2-pointer,3,30-20,'NYK',leads
366,366,366,201510290NYK,2.0,15.6,2nd quarter,10:58.0,Lamar Patterson,ATL,False,3-pointer,25,30-22,'NYK',leads
367,367,367,201510290NYK,32.9,21.3,2nd quarter,10:31.0,Al Horford,ATL,False,2-pointer,20,30-23,'NYK',leads
368,368,368,201510290NYK,21.1,16.9,2nd quarter,9:47.0,Dennis Schröder,ATL,False,2-pointer,14,30-26,'NYK',leads
369,369,369,201510290NYK,8.9,2.0,2nd quarter,9:27.0,Al Horford,ATL,False,2-pointer,15,30-26,'NYK',leads
370,370,370,201510290NYK,35.5,20.0,2nd quarter,8:53.0,Mike Scott,ATL,False,2-pointer,20,30-28,'NYK',leads
371,371,371,201510290NYK,25.0,3.8,2nd quarter,7:37.0,Al Horford,ATL,True,2-pointer,1,32-31,'NYK',leads
372,372,372,201510290NYK,21.6,3.2,2nd quarter,6:40.0,Al Horford,ATL,True,2-pointer,2,34-33,'NYK',leads
373,373,373,201510290NYK,44.7,16.9,2nd quarter,6:17.0,Lamar Patterson,ATL,True,3-pointer,24,37-33,'NYK',leads
374,374,374,201510290NYK,1.8,15.1,2nd quarter,5:40.0,Dennis Schröder,ATL,True,3-pointer,25,40-35,'NYK',leads
375,375,375,201510290NYK,10.3,23.8,2nd quarter,5:09.0,Kyle Korver,ATL,True,3-pointer,24,43-35,'NYK',leads
376,376,376,201510290NYK,28.6,4.6,2nd quarter,4:46.0,Kyle Korver,ATL,True,2-pointer,4,45-35,'NYK',leads
377,377,377,201510290NYK,17.4,3.0,2nd quarter,4:05.0,Paul Millsap,ATL,False,2-pointer,6,45-37,'NYK',leads
378,378,378,201510290NYK,25.7,3.8,2nd quarter,3:44.0,Kent Bazemore,ATL,False,2-pointer,1,45-37,'NYK',leads
379,379,379,201510290NYK,0.5,-0.1,2nd quarter,3:17.0,Kent Bazemore,ATL,True,3-pointer,23,48-39,'NYK',leads
380,380,380,201510290NYK,8.7,4.8,2nd quarter,2:56.0,Kyle Korver,ATL,True,2-pointer,15,50-39,'NYK',leads
381,381,381,201510290NYK,35.0,11.2,2nd quarter,2:32.0,Kent Bazemore,ATL,False,2-pointer,13,50-41,'NYK',leads
382,382,382,201510290NYK,21.6,3.3,2nd quarter,2:14.0,Paul Millsap,ATL,False,2-pointer,2,50-41,'NYK',leads
383,383,383,201510290NYK,23.4,3.7,2nd quarter,2:12.0,Paul Millsap,ATL,True,2-pointer,0,52-41,'NYK',leads
384,384,384,201510290NYK,25.5,3.7,2nd quarter,1:37.0,Jeff Teague,ATL,True,2-pointer,1,54-43,'NYK',leads
385,385,385,201510290NYK,22.4,4.3,2nd quarter,1:14.0,Tiago Splitter,ATL,True,2-pointer,2,56-45,'NYK',leads
386,386,386,201510290NYK,25.5,3.2,2nd quarter,0:54.0,Lamar Patterson,ATL,True,2-pointer,1,59-45,'NYK',leads
387,387,387,201510290NYK,25.0,2.5,2nd quarter,0:31.0,Al Horford,ATL,False,2-pointer,1,59-45,'NYK',leads
388,388,388,201510290NYK,25.0,3.2,2nd quarter,0:05.0,Jeff Teague,ATL,True,2-pointer,1,61-45,'NYK',leads
389,389,389,201510290NYK,39.5,5.6,3rd quarter,11:26.0,Al Horford,ATL,True,2-pointer,15,63-47,'NYK',leads
390,390,390,201510290NYK,39.3,3.7,3rd quarter,10:46.0,Al Horford,ATL,True,2-pointer,15,65-47,'NYK',leads
391,391,391,201510290NYK,30.6,27.2,3rd quarter,10:23.0,Al Horford,ATL,False,3-pointer,25,65-49,'NYK',leads
392,392,392,201510290NYK,15.9,19.4,3rd quarter,9:53.0,Al Horford,ATL,False,2-pointer,18,65-51,'NYK',leads
393,393,393,201510290NYK,45.8,14.6,3rd quarter,9:43.0,Kyle Korver,ATL,True,3-pointer,24,68-51,'NYK',leads
394,394,394,201510290NYK,44.9,15.4,3rd quarter,8:50.0,Al Horford,ATL,False,3-pointer,24,68-53,'NYK',leads
395,395,395,201510290NYK,-0.1,4.1,3rd quarter,7:20.0,Kent Bazemore,ATL,False,3-pointer,24,72-55,'NYK',leads
396,396,396,201510290NYK,25.2,3.7,3rd quarter,6:57.0,Jeff Teague,ATL,True,2-pointer,1,74-55,'NYK',leads
397,397,397,201510290NYK,29.0,8.2,3rd quarter,6:39.0,Jeff Teague,ATL,True,2-pointer,7,76-55,'NYK',leads
398,398,398,201510290NYK,8.0,23.3,3rd quarter,6:02.0,Paul Millsap,ATL,False,3-pointer,25,76-57,'NYK',leads
399,399,399,201510290NYK,24.6,3.7,3rd quarter,5:42.0,Jeff Teague,ATL,True,2-pointer,0,78-57,'NYK',leads
400,400,400,201510290NYK,21.6,7.1,3rd quarter,4:49.0,Tiago Splitter,ATL,False,2-pointer,4,79-60,'NYK',leads
401,401,401,201510290NYK,43.4,18.6,3rd quarter,3:21.0,Dennis Schröder,ATL,False,3-pointer,24,81-63,'NYK',leads
402,402,402,201510290NYK,21.8,3.3,3rd quarter,2:56.0,Dennis Schröder,ATL,False,2-pointer,2,81-63,'NYK',leads
403,403,403,201510290NYK,2.1,15.1,3rd quarter,2:19.0,Justin Holiday,ATL,False,3-pointer,25,81-65,'NYK',leads
404,404,404,201510290NYK,33.1,5.6,3rd quarter,2:13.0,Paul Millsap,ATL,False,2-pointer,9,81-65,'NYK',leads
405,405,405,201510290NYK,25.7,4.1,3rd quarter,1:30.0,Dennis Schröder,ATL,False,2-pointer,2,81-67,'NYK',leads
406,406,406,201510290NYK,21.6,2.9,3rd quarter,1:11.0,Al Horford,ATL,True,2-pointer,2,83-69,'NYK',leads
407,407,407,201510290NYK,38.0,23.0,3rd quarter,0:41.0,Al Horford,ATL,False,3-pointer,24,83-72,'NYK',leads
408,408,408,201510290NYK,25.9,3.7,4th quarter,11:45.0,Dennis Schröder,ATL,True,2-pointer,2,86-72,'NYK',leads
409,409,409,201510290NYK,10.8,8.6,4th quarter,11:10.0,Dennis Schröder,ATL,True,2-pointer,14,88-72,'NYK',leads
410,410,410,201510290NYK,21.3,6.3,4th quarter,10:26.0,Mike Scott,ATL,True,2-pointer,4,90-74,'NYK',leads
411,411,411,201510290NYK,22.0,3.0,4th quarter,9:49.0,Dennis Schröder,ATL,True,2-pointer,2,92-77,'NYK',leads
412,412,412,201510290NYK,5.3,21.0,4th quarter,9:12.0,Dennis Schröder,ATL,False,3-pointer,25,92-77,'NYK',leads
413,413,413,201510290NYK,21.1,3.2,4th quarter,9:07.0,Al Horford,ATL,True,2-pointer,2,94-77,'NYK',leads
414,414,414,201510290NYK,20.2,7.3,4th quarter,8:29.0,Kent Bazemore,ATL,False,2-pointer,5,94-79,'NYK',leads
415,415,415,201510290NYK,23.6,3.8,4th quarter,8:22.0,Al Horford,ATL,False,2-pointer,0,94-79,'NYK',leads
416,416,416,201510290NYK,20.0,7.6,4th quarter,8:09.0,Mike Scott,ATL,False,2-pointer,6,94-79,'NYK',leads
417,417,417,201510290NYK,21.6,2.9,4th quarter,7:33.0,Jeff Teague,ATL,True,2-pointer,2,96-81,'NYK',leads
418,418,418,201510290NYK,24.0,3.1,4th quarter,6:45.0,Jeff Teague,ATL,True,2-pointer,0,100-83,'NYK',leads
419,419,419,201510290NYK,25.7,3.2,4th quarter,6:22.0,Tiago Splitter,ATL,True,2-pointer,1,102-85,'NYK',leads
420,420,420,201510290NYK,26.8,3.2,4th quarter,5:04.0,Tiago Splitter,ATL,True,2-pointer,2,105-87,'NYK',leads
421,421,421,201510290NYK,25.2,7.7,4th quarter,4:22.0,Jeff Teague,ATL,False,2-pointer,4,106-89,'NYK',leads
422,422,422,201510290NYK,25.5,3.7,4th quarter,3:48.0,Paul Millsap,ATL,False,2-pointer,1,106-89,'NYK',leads
423,423,423,201510290NYK,36.8,3.3,4th quarter,3:07.0,Lamar Patterson,ATL,False,2-pointer,12,106-93,'NYK',leads
424,424,424,201510290NYK,28.5,6.1,4th quarter,2:30.0,Al Horford,ATL,False,2-pointer,5,106-93,'NYK',leads
425,425,425,201510290NYK,8.2,22.3,4th quarter,1:59.0,Paul Millsap,ATL,True,3-pointer,24,110-95,'NYK',leads
426,426,426,201510290NYK,7.1,23.0,4th quarter,0:42.0,Mike Scott,ATL,False,3-pointer,26,111-99,'NYK',leads
427,427,427,201510290NYK,19.5,3.3,1st quarter,11:30.0,Kristaps Porziņģis,NYK,False,2-pointer,4,0-0,'NYK',tied
428,428,428,201510290NYK,25.9,7.1,1st quarter,11:04.0,Robin Lopez,NYK,True,2-pointer,4,2-2,'NYK',tied
429,429,429,201510290NYK,13.0,14.0,1st quarter,9:42.0,Carmelo Anthony,NYK,False,2-pointer,15,6-5,'NYK',leads
430,430,430,201510290NYK,36.5,1.9,1st quarter,9:17.0,Carmelo Anthony,NYK,False,2-pointer,12,6-5,'NYK',leads
431,431,431,201510290NYK,0.2,3.2,1st quarter,8:31.0,Kristaps Porziņģis,NYK,False,3-pointer,23,6-5,'NYK',leads
432,432,432,201510290NYK,0.2,0.9,1st quarter,8:03.0,Sasha Vujačić,NYK,True,3-pointer,23,9-7,'NYK',leads
433,433,433,201510290NYK,35.7,24.3,1st quarter,7:38.0,José Calderón,NYK,False,3-pointer,24,9-10,'NYK',trails
434,434,434,201510290NYK,25.5,4.8,1st quarter,7:09.0,Robin Lopez,NYK,True,2-pointer,2,11-13,'NYK',trails
435,435,435,201510290NYK,38.1,4.6,1st quarter,6:47.0,Robin Lopez,NYK,True,2-pointer,14,13-13,'NYK',tied
436,436,436,201510290NYK,26.2,2.4,1st quarter,6:03.0,Carmelo Anthony,NYK,False,2-pointer,2,13-17,'NYK',trails
437,437,437,201510290NYK,39.3,24.0,1st quarter,5:54.0,Kristaps Porziņģis,NYK,False,3-pointer,25,13-17,'NYK',trails
438,438,438,201510290NYK,43.7,17.9,1st quarter,5:37.0,Sasha Vujačić,NYK,False,3-pointer,24,13-17,'NYK',trails
439,439,439,201510290NYK,22.0,3.3,1st quarter,5:03.0,Kristaps Porziņģis,NYK,True,2-pointer,2,15-17,'NYK',trails
440,440,440,201510290NYK,24.1,4.1,1st quarter,4:21.0,Carmelo Anthony,NYK,True,2-pointer,1,17-17,'NYK',tied
441,441,441,201510290NYK,41.6,8.1,1st quarter,3:52.0,Kyle O'Quinn,NYK,False,2-pointer,18,18-19,'NYK',trails
442,442,442,201510290NYK,21.8,3.0,1st quarter,3:21.0,Carmelo Anthony,NYK,False,2-pointer,2,18-21,'NYK',trails
443,443,443,201510290NYK,46.7,-0.1,1st quarter,3:14.0,Derrick Williams,NYK,False,3-pointer,22,18-21,'NYK',trails
444,444,444,201510290NYK,26.2,2.4,1st quarter,3:00.0,Kyle O'Quinn,NYK,False,2-pointer,2,18-21,'NYK',trails
445,445,445,201510290NYK,22.0,2.4,1st quarter,2:44.0,Kyle O'Quinn,NYK,False,2-pointer,2,18-21,'NYK',trails
446,446,446,201510290NYK,36.8,14.5,1st quarter,2:09.0,Derrick Williams,NYK,False,2-pointer,17,18-23,'NYK',trails
447,447,447,201510290NYK,22.6,3.7,1st quarter,1:49.0,Carmelo Anthony,NYK,True,2-pointer,1,20-23,'NYK',trails
448,448,448,201510290NYK,27.5,4.3,1st quarter,0:01.0,Lance Thomas,NYK,False,2-pointer,3,20-30,'NYK',trails
449,449,449,201510290NYK,38.0,18.9,2nd quarter,11:36.0,Kyle O'Quinn,NYK,True,2-pointer,21,22-30,'NYK',trails
450,450,450,201510290NYK,13.3,25.8,2nd quarter,10:15.0,Langston Galloway,NYK,True,3-pointer,25,26-30,'NYK',trails
451,451,451,201510290NYK,21.1,3.7,2nd quarter,9:40.0,Derrick Williams,NYK,False,2-pointer,2,26-30,'NYK',trails
452,452,452,201510290NYK,26.0,3.8,2nd quarter,9:09.0,Jerian Grant,NYK,True,2-pointer,2,28-30,'NYK',trails
453,453,453,201510290NYK,42.6,7.1,2nd quarter,8:27.0,Lance Thomas,NYK,False,2-pointer,19,28-30,'NYK',trails
454,454,454,201510290NYK,45.8,13.1,2nd quarter,8:18.0,Langston Galloway,NYK,True,3-pointer,24,31-30,'NYK',leads
455,455,455,201510290NYK,24.0,3.1,2nd quarter,7:20.0,Derrick Williams,NYK,True,2-pointer,0,33-32,'NYK',leads
456,456,456,201510290NYK,41.7,19.4,2nd quarter,6:54.0,Derrick Williams,NYK,False,3-pointer,24,33-32,'NYK',leads
457,457,457,201510290NYK,22.0,4.6,2nd quarter,6:24.0,Jerian Grant,NYK,False,2-pointer,2,33-34,'NYK',trails
458,458,458,201510290NYK,13.4,17.9,2nd quarter,5:57.0,Derrick Williams,NYK,True,2-pointer,18,35-37,'NYK',trails
459,459,459,201510290NYK,45.8,15.4,2nd quarter,5:19.0,Sasha Vujačić,NYK,False,3-pointer,25,35-40,'NYK',trails
460,460,460,201510290NYK,6.1,21.5,2nd quarter,4:54.0,Langston Galloway,NYK,False,3-pointer,25,35-43,'NYK',trails
461,461,461,201510290NYK,20.3,4.8,2nd quarter,4:25.0,Carmelo Anthony,NYK,False,2-pointer,4,35-45,'NYK',trails
462,462,462,201510290NYK,24.0,3.1,2nd quarter,4:23.0,Kristaps Porziņģis,NYK,True,2-pointer,0,37-45,'NYK',trails
463,463,463,201510290NYK,45.3,16.9,2nd quarter,3:59.0,Carmelo Anthony,NYK,False,3-pointer,25,37-45,'NYK',trails
464,464,464,201510290NYK,22.0,5.6,2nd quarter,2:46.0,Robin Lopez,NYK,True,2-pointer,3,41-50,'NYK',trails
465,465,465,201510290NYK,17.0,20.8,2nd quarter,1:58.0,José Calderón,NYK,False,2-pointer,19,41-52,'NYK',trails
466,466,466,201510290NYK,22.1,4.3,2nd quarter,1:55.0,Carmelo Anthony,NYK,True,2-pointer,2,43-52,'NYK',trails
467,467,467,201510290NYK,21.6,5.3,2nd quarter,1:24.0,Robin Lopez,NYK,True,2-pointer,3,45-54,'NYK',trails
468,468,468,201510290NYK,47.0,2.4,2nd quarter,0:59.0,Carmelo Anthony,NYK,False,3-pointer,23,45-57,'NYK',trails
469,469,469,201510290NYK,3.1,17.9,2nd quarter,0:24.0,Derrick Williams,NYK,False,3-pointer,25,45-59,'NYK',trails
470,470,470,201510290NYK,44.7,18.4,2nd quarter,0:00.0,Carmelo Anthony,NYK,False,3-pointer,25,45-61,'NYK',trails
471,471,471,201510290NYK,26.7,4.6,3rd quarter,11:45.0,Robin Lopez,NYK,False,2-pointer,3,45-61,'NYK',trails
472,472,472,201510290NYK,24.0,3.1,3rd quarter,11:42.0,Robin Lopez,NYK,True,2-pointer,0,47-61,'NYK',trails
473,473,473,201510290NYK,39.6,22.8,3rd quarter,11:11.0,Kristaps Porziņģis,NYK,False,3-pointer,25,47-63,'NYK',trails
474,474,474,201510290NYK,6.4,3.8,3rd quarter,10:36.0,José Calderón,NYK,False,2-pointer,17,47-65,'NYK',trails
475,475,475,201510290NYK,25.9,3.2,3rd quarter,10:33.0,Carmelo Anthony,NYK,True,2-pointer,1,49-65,'NYK',trails
476,476,476,201510290NYK,37.2,10.5,3rd quarter,10:12.0,Carmelo Anthony,NYK,True,2-pointer,15,51-65,'NYK',trails
477,477,477,201510290NYK,39.3,1.9,3rd quarter,9:29.0,Carmelo Anthony,NYK,False,2-pointer,15,51-68,'NYK',trails
478,478,478,201510290NYK,38.6,2.4,3rd quarter,9:25.0,José Calderón,NYK,False,2-pointer,14,51-68,'NYK',trails
479,479,479,201510290NYK,24.0,3.1,3rd quarter,9:05.0,Kristaps Porziņģis,NYK,True,2-pointer,0,53-68,'NYK',trails
480,480,480,201510290NYK,37.3,23.8,3rd quarter,8:40.0,Kristaps Porziņģis,NYK,False,3-pointer,24,53-68,'NYK',trails
481,481,481,201510290NYK,29.0,12.5,3rd quarter,8:33.0,Robin Lopez,NYK,False,2-pointer,10,53-68,'NYK',trails
482,482,482,201510290NYK,5.4,19.4,3rd quarter,8:27.0,Sasha Vujačić,NYK,False,3-pointer,24,53-68,'NYK',trails
483,483,483,201510290NYK,42.1,19.4,3rd quarter,8:24.0,José Calderón,NYK,False,3-pointer,24,53-68,'NYK',trails
484,484,484,201510290NYK,39.3,4.1,3rd quarter,8:10.0,Carmelo Anthony,NYK,False,2-pointer,15,53-68,'NYK',trails
485,485,485,201510290NYK,28.6,4.1,3rd quarter,7:49.0,Carmelo Anthony,NYK,True,2-pointer,4,55-69,'NYK',trails
486,486,486,201510290NYK,22.1,3.2,3rd quarter,7:05.0,Carmelo Anthony,NYK,False,2-pointer,1,55-72,'NYK',trails
487,487,487,201510290NYK,27.3,4.1,3rd quarter,6:45.0,Carmelo Anthony,NYK,False,2-pointer,3,55-74,'NYK',trails
488,488,488,201510290NYK,35.9,7.3,3rd quarter,6:25.0,Carmelo Anthony,NYK,True,2-pointer,12,57-76,'NYK',trails
489,489,489,201510290NYK,27.2,9.2,3rd quarter,5:52.0,Robin Lopez,NYK,False,2-pointer,6,57-76,'NYK',trails
490,490,490,201510290NYK,4.8,1.9,3rd quarter,5:25.0,Lance Thomas,NYK,False,2-pointer,19,57-79,'NYK',trails
491,491,491,201510290NYK,45.5,16.4,3rd quarter,5:04.0,Sasha Vujačić,NYK,True,3-pointer,25,60-79,'NYK',trails
492,492,492,201510290NYK,44.5,16.9,3rd quarter,4:30.0,Carmelo Anthony,NYK,False,3-pointer,24,60-79,'NYK',trails
493,493,493,201510290NYK,25.7,2.9,3rd quarter,4:28.0,Kyle O'Quinn,NYK,False,2-pointer,1,60-79,'NYK',trails
494,494,494,201510290NYK,22.4,3.2,3rd quarter,4:14.0,Sasha Vujačić,NYK,False,2-pointer,1,60-81,'NYK',trails
495,495,495,201510290NYK,40.3,1.4,3rd quarter,4:10.0,Sasha Vujačić,NYK,False,2-pointer,16,60-81,'NYK',trails
496,496,496,201510290NYK,25.5,3.3,3rd quarter,4:04.0,Kyle O'Quinn,NYK,True,2-pointer,1,62-81,'NYK',trails
497,497,497,201510290NYK,44.5,16.9,3rd quarter,3:05.0,Langston Galloway,NYK,False,3-pointer,24,63-81,'NYK',trails
498,498,498,201510290NYK,10.5,4.3,3rd quarter,2:39.0,Jerian Grant,NYK,True,2-pointer,13,65-81,'NYK',trails
499,499,499,201510290NYK,45.7,13.6,3rd quarter,1:02.0,Lance Thomas,NYK,True,3-pointer,24,72-83,'NYK',trails
500,500,500,201510290NYK,25.2,3.0,3rd quarter,0:33.0,Jerian Grant,NYK,False,2-pointer,1,72-83,'NYK',trails
501,501,501,201510290NYK,1.0,0.4,4th quarter,11:27.0,Lance Thomas,NYK,False,3-pointer,23,72-86,'NYK',trails
502,502,502,201510290NYK,25.9,3.8,4th quarter,10:49.0,Derrick Williams,NYK,True,2-pointer,2,74-88,'NYK',trails
503,503,503,201510290NYK,42.1,19.4,4th quarter,10:01.0,Lance Thomas,NYK,True,3-pointer,24,77-90,'NYK',trails
504,504,504,201510290NYK,21.6,3.3,4th quarter,9:38.0,Derrick Williams,NYK,False,2-pointer,2,77-92,'NYK',trails
505,505,505,201510290NYK,47.0,6.6,4th quarter,8:54.0,Carmelo Anthony,NYK,False,3-pointer,23,77-94,'NYK',trails
506,506,506,201510290NYK,26.5,3.2,4th quarter,8:46.0,Kyle O'Quinn,NYK,True,2-pointer,2,79-94,'NYK',trails
507,507,507,201510290NYK,43.4,17.6,4th quarter,6:56.0,Sasha Vujačić,NYK,False,3-pointer,24,83-98,'NYK',trails
508,508,508,201510290NYK,22.1,6.1,4th quarter,6:33.0,Kristaps Porziņģis,NYK,True,2-pointer,3,85-100,'NYK',trails
509,509,509,201510290NYK,21.8,3.7,4th quarter,6:12.0,Carmelo Anthony,NYK,True,2-pointer,2,87-102,'NYK',trails
510,510,510,201510290NYK,45.3,15.1,4th quarter,5:35.0,Carmelo Anthony,NYK,False,3-pointer,24,87-103,'NYK',trails
511,511,511,201510290NYK,6.4,6.1,4th quarter,5:23.0,Kristaps Porziņģis,NYK,False,2-pointer,17,87-103,'NYK',trails
512,512,512,201510290NYK,22.4,3.7,4th quarter,4:50.0,Carmelo Anthony,NYK,False,2-pointer,1,87-106,'NYK',trails
513,513,513,201510290NYK,25.9,3.3,4th quarter,4:38.0,Carmelo Anthony,NYK,True,2-pointer,1,89-106,'NYK',trails
514,514,514,201510290NYK,24.0,3.1,4th quarter,3:27.0,Robin Lopez,NYK,True,2-pointer,0,93-106,'NYK',trails
515,515,515,201510290NYK,26.0,7.6,4th quarter,2:14.0,Robin Lopez,NYK,True,2-pointer,5,95-107,'NYK',trails
516,516,516,201510290NYK,42.7,19.5,4th quarter,1:51.0,Carmelo Anthony,NYK,False,3-pointer,24,95-110,'NYK',trails
517,517,517,201510290NYK,25.2,3.3,4th quarter,1:26.0,Carmelo Anthony,NYK,True,2-pointer,1,97-110,'NYK',trails
518,518,518,201510290NYK,10.7,17.9,4th quarter,1:02.0,Kyle O'Quinn,NYK,True,2-pointer,19,99-111,'NYK',trails
519,519,519,201510290NYK,36.8,4.6,4th quarter,0:24.0,Kyle O'Quinn,NYK,True,2-pointer,12,101-112,'NYK',trails
